-4.640825871828131710e+01 -6.564006651086640431e+01 3.426139514550038712e+02 1.000000000000000000e+00
-4.633429780551950472e+01 -6.501968103596392723e+01 3.424966015006532984e+02 1.000000000000000000e+00
-4.626015478312465490e+01 -6.440026321475573923e+01 3.423822177847602575e+02 1.000000000000000000e+00
-4.618582795927485307e+01 -6.378179642013576967e+01 3.422707944449423394e+02 1.000000000000000000e+00
-4.611131563508875075e+01 -6.316426409498125594e+01 3.421623257761648915e+02 1.000000000000000000e+00
-4.603661610449412933e+01 -6.254764975064438914e+01 3.420568062300040992e+02 1.000000000000000000e+00
-4.596172765409553307e+01 -6.193193696545601767e+01 3.419542304139329758e+02 1.000000000000000000e+00
-4.588664856304148998e+01 -6.131710938324044946e+01 3.418545930906265653e+02 1.000000000000000000e+00
-4.581137710289072373e+01 -6.070315071184094791e+01 3.417578891772886891e+02 1.000000000000000000e+00
-4.573591153747806004e+01 -6.009004472165629096e+01 3.416641137449998951e+02 1.000000000000000000e+00
-4.566025012277904693e+01 -5.947777524418759043e+01 3.415732620180849608e+02 1.000000000000000000e+00
-4.558439110677436190e+01 -5.886632617059516548e+01 3.414853293735009743e+02 1.000000000000000000e+00
-4.550833272931308215e+01 -5.825568145026556977e+01 3.414003113402472991e+02 1.000000000000000000e+00
-4.543207322197535092e+01 -5.764582508938774197e+01 3.413182035987929339e+02 1.000000000000000000e+00
-4.535561080793394950e+01 -5.703674114953898311e+01 3.412390019805262114e+02 1.000000000000000000e+00
-4.527894370181522277e+01 -5.642841374627946749e+01 3.411627024672223456e+02 1.000000000000000000e+00
-4.520207010955908800e+01 -5.582082704775587700e+01 3.410893011905313301e+02 1.000000000000000000e+00
-4.512498822827819112e+01 -5.521396527331381066e+01 3.410187944314876063e+02 1.000000000000000000e+00
-4.504769624611596157e+01 -5.460781269211769029e+01 3.409511786200355914e+02 1.000000000000000000e+00
-4.497019234210390692e+01 -5.400235362177944864e+01 3.408864503345761818e+02 1.000000000000000000e+00
-4.489247468601774216e+01 -5.339757242699463546e+01 3.408246063015337768e+02 1.000000000000000000e+00
-4.481454143823282266e+01 -5.279345351818596299e+01 3.407656433949399570e+02 1.000000000000000000e+00
-4.473639074957809925e+01 -5.218998135015432638e+01 3.407095586360378547e+02 1.000000000000000000e+00
-4.465802076118961850e+01 -5.158714042073681583e+01 3.406563491929057932e+02 1.000000000000000000e+00
-4.457942960436232482e+01 -5.098491526947118757e+01 3.406060123800975816e+02 1.000000000000000000e+00
-4.450061540040130836e+01 -5.038329047626748292e+01 3.405585456583044675e+02 1.000000000000000000e+00
-4.442157626047150387e+01 -4.978225066008504740e+01 3.405139466340328909e+02 1.000000000000000000e+00
-4.434231028544658670e+01 -4.918178047761672644e+01 3.404722130593040106e+02 1.000000000000000000e+00
-4.426281556575636245e+01 -4.858186462197763689e+01 3.404333428313680656e+02 1.000000000000000000e+00
-4.418309018123341048e+01 -4.798248782140058921e+01 3.403973339924409629e+02 1.000000000000000000e+00
-4.410313220095800801e+01 -4.738363483793620645e+01 3.403641847294564968e+02 1.000000000000000000e+00
-4.402293968310213046e+01 -4.678529046615829401e+01 3.403338933738384071e+02 1.000000000000000000e+00
-4.394251067477208039e+01 -4.618743953187425433e+01 3.403064584012895466e+02 1.000000000000000000e+00
-4.386184321184971679e+01 -4.559006689083994956e+01 3.402818784316006600e+02 1.000000000000000000e+00
-4.378093531883261846e+01 -4.499315742747896962e+01 3.402601522284765565e+02 1.000000000000000000e+00
-4.369978500867258475e+01 -4.439669605360638371e+01 3.402412786993807003e+02 1.000000000000000000e+00
-4.361839028261298523e+01 -4.380066770715600910e+01 3.402252568953971945e+02 1.000000000000000000e+00
-4.353674913002447511e+01 -4.320505735091182231e+01 3.402120860111120919e+02 1.000000000000000000e+00
-4.345485952823958087e+01 -4.260984997124266727e+01 3.402017653845127256e+02 1.000000000000000000e+00
-4.337271944238545984e+01 -4.201503057684018216e+01 3.401942944969023301e+02 1.000000000000000000e+00
-4.329032682521537367e+01 -4.142058419746008724e+01 3.401896729728376272e+02 1.000000000000000000e+00
-4.320767961693869808e+01 -4.082649588266598073e+01 3.401879005800794857e+02 1.000000000000000000e+00
-4.312477574504914912e+01 -4.023275070057598413e+01 3.401889772295650687e+02 1.000000000000000000e+00
-4.304161312415159557e+01 -3.963933373661176063e+01 3.401929029753959526e+02 1.000000000000000000e+00
-4.295818965578711612e+01 -3.904623009224949470e+01 3.401996780148450625e+02 1.000000000000000000e+00
-4.287450322825672089e+01 -3.845342488377323065e+01 3.402093026883820812e+02 1.000000000000000000e+00
-4.279055171644284172e+01 -3.786090324102956117e+01 3.402217774797147172e+02 1.000000000000000000e+00
-4.270633298162969282e+01 -3.726865030618410657e+01 3.402371030158515168e+02 1.000000000000000000e+00
-4.262184487132148547e+01 -3.667665123247914494e+01 3.402552800671787168e+02 1.000000000000000000e+00
-4.253708521905904405e+01 -3.608489118299237930e+01 3.402763095475581849e+02 1.000000000000000000e+00
-4.245203846455590480e+01 -3.549334395047705470e+01 3.403000834165981701e+02 1.000000000000000000e+00
-4.236640872001606084e+01 -3.490174909728006014e+01 3.403242023152780575e+02 1.000000000000000000e+00
-4.228007566549927532e+01 -3.431000582109881947e+01 3.403476842317954834e+02 1.000000000000000000e+00
-4.219303964278042685e+01 -3.371811743171475939e+01 3.403705289017287328e+02 1.000000000000000000e+00
-4.210530100166471357e+01 -3.312608724144886452e+01 3.403927360677796514e+02 1.000000000000000000e+00
-4.201686009998378779e+01 -3.253391856510030777e+01 3.404143054797800687e+02 1.000000000000000000e+00
-4.192771730359165616e+01 -3.194161471988481438e+01 3.404352368946998695e+02 1.000000000000000000e+00
-4.183787298636033825e+01 -3.134917902537305068e+01 3.404555300766529626e+02 1.000000000000000000e+00
-4.174732753017531905e+01 -3.075661480342879273e+01 3.404751847969040455e+02 1.000000000000000000e+00
-4.165608132493068183e+01 -3.016392537814707708e+01 3.404942008338754249e+02 1.000000000000000000e+00
-4.156413476852414135e+01 -2.957111407579241558e+01 3.405125779731533271e+02 1.000000000000000000e+00
-4.147148826685177170e+01 -2.897818422473656597e+01 3.405303160074934681e+02 1.000000000000000000e+00
-4.137814223380248535e+01 -2.838513915539655486e+01 3.405474147368267381e+02 1.000000000000000000e+00
-4.128409709125237725e+01 -2.779198220017251586e+01 3.405638739682657388e+02 1.000000000000000000e+00
-4.118935326905882732e+01 -2.719871669338544251e+01 3.405796935161097281e+02 1.000000000000000000e+00
-4.109391120505414818e+01 -2.660534597121475642e+01 3.405948732018491683e+02 1.000000000000000000e+00
-4.099777134503939635e+01 -2.601187337163604596e+01 3.406094128541717510e+02 1.000000000000000000e+00
-4.090093414277763628e+01 -2.541830223435857050e+01 3.406233123089666606e+02 1.000000000000000000e+00
-4.080340005998719022e+01 -2.482463590076273974e+01 3.406365714093299744e+02 1.000000000000000000e+00
-4.070516956633445460e+01 -2.423087771383749356e+01 3.406491900055680162e+02 1.000000000000000000e+00
-4.060624313942668095e+01 -2.363703101811768903e+01 3.406611679552020178e+02 1.000000000000000000e+00
-4.050662126480440151e+01 -2.304309915962138433e+01 3.406725051229727228e+02 1.000000000000000000e+00
-4.040630443593375531e+01 -2.244908548578708718e+01 3.406832013808430020e+02 1.000000000000000000e+00
-4.030529315419841652e+01 -2.185499334541094285e+01 3.406932566080027982e+02 1.000000000000000000e+00
-4.020358792889142308e+01 -2.126082608858381917e+01 3.407026706908712868e+02 1.000000000000000000e+00
-4.010118927720682791e+01 -2.066658706662849454e+01 3.407114435231013090e+02 1.000000000000000000e+00
-3.999809772423090948e+01 -2.007227963203660082e+01 3.407195750055809640e+02 1.000000000000000000e+00
-3.989431380293345342e+01 -1.947790713840570120e+01 3.407270650464379287e+02 1.000000000000000000e+00
-3.978983805415852970e+01 -1.888347294037620472e+01 3.407339135610411631e+02 1.000000000000000000e+00
-3.968467102661517742e+01 -1.828898039356825933e+01 3.407401204720028431e+02 1.000000000000000000e+00
-3.957881327686799722e+01 -1.769443285451873393e+01 3.407456857091821121e+02 1.000000000000000000e+00
-3.947226536932717522e+01 -1.709983368061795872e+01 3.407506092096853081e+02 1.000000000000000000e+00
-3.936502787623867050e+01 -1.650518623004662544e+01 3.407548909178689200e+02 1.000000000000000000e+00
-3.925710137767388375e+01 -1.591049386171255087e+01 3.407585307853406675e+02 1.000000000000000000e+00
-3.914848646151928335e+01 -1.531575993518746692e+01 3.407615287709611493e+02 1.000000000000000000e+00
-3.903918372346571175e+01 -1.472098781064369355e+01 3.407638848408445256e+02 1.000000000000000000e+00
-3.892919376699752121e+01 -1.412618084879095193e+01 3.407655989683599387e+02 1.000000000000000000e+00
-3.881851720338152489e+01 -1.353134241081301781e+01 3.407666711341322525e+02 1.000000000000000000e+00
-3.870715465165555003e+01 -1.293647585830444413e+01 3.407671013260422228e+02 1.000000000000000000e+00
-3.859510673861701946e+01 -1.234158455320718595e+01 3.407668895392271224e+02 1.000000000000000000e+00
-3.848237409881116378e+01 -1.174667185774732481e+01 3.407660357760810257e+02 1.000000000000000000e+00
-3.836895737451899890e+01 -1.115174113437169190e+01 3.407645400462545240e+02 1.000000000000000000e+00
-3.825485721574515452e+01 -1.055679574568452139e+01 3.407624023666539870e+02 1.000000000000000000e+00
-3.814007428020546087e+01 -9.961839054384126868e+00 3.407596227614421878e+02 1.000000000000000000e+00
-3.802460923331432951e+01 -9.366874423199508470e+00 3.407562012620364840e+02 1.000000000000000000e+00
-3.790846274817192807e+01 -8.771905214827043551e+00 3.407521379071094429e+02 1.000000000000000000e+00
-3.779163550555104223e+01 -8.176934791867113361e+00 3.407474327425853744e+02 1.000000000000000000e+00
-3.767412819388377443e+01 -7.581966516760765273e+00 3.407420858216411261e+02 1.000000000000000000e+00
-3.755594150924818564e+01 -6.987003751726390988e+00 3.407360972047039240e+02 1.000000000000000000e+00
-3.743707615535447530e+01 -6.392049858696446485e+00 3.407294669594497236e+02 1.000000000000000000e+00
-3.731755202660253445e+01 -5.797109072223795678e+00 3.407222464691689652e+02 1.000000000000000000e+00
-3.719748477362256267e+01 -5.202189184848455383e+00 3.407147436453473119e+02 1.000000000000000000e+00
-3.707689387706619755e+01 -4.607292369467941739e+00 3.407070098290859050e+02 1.000000000000000000e+00
-3.695577961821037150e+01 -4.012419836196778000e+00 3.406990450518669036e+02 1.000000000000000000e+00
-3.683414228043789507e+01 -3.417572794939006897e+00 3.406908493461090757e+02 1.000000000000000000e+00
-3.671198214923560954e+01 -2.822752455380128644e+00 3.406824227451704701e+02 1.000000000000000000e+00
-3.658929951219184318e+01 -2.227960026978755614e+00 3.406737652833452898e+02 1.000000000000000000e+00
-3.646609465899432223e+01 -1.633196718958593419e+00 3.406648769958644039e+02 1.000000000000000000e+00
-3.634236788142807484e+01 -1.038463740300137106e+00 3.406557579188956879e+02 1.000000000000000000e+00
-3.621811947337298676e+01 -4.437622997325921248e-01 3.406464080895436837e+02 1.000000000000000000e+00
-3.609334973080162001e+01 1.509063942743926467e-01 3.406368275458473249e+02 1.000000000000000000e+00
-3.596805895177695334e+01 7.455411335187847044e-01 3.406270163267826092e+02 1.000000000000000000e+00
-3.584224743644992373e+01 1.340140710074455566e+00 3.406169744722591304e+02 1.000000000000000000e+00
-3.571591548705728059e+01 1.934703916299242765e+00 3.406067020231224660e+02 1.000000000000000000e+00
-3.558906340791899225e+01 2.529229544843111022e+00 3.405961990211508805e+02 1.000000000000000000e+00
-3.546169150543614279e+01 3.123716388656371024e+00 3.405854655090574852e+02 1.000000000000000000e+00
-3.533380008808833850e+01 3.718163240997731211e+00 3.405745015304887602e+02 1.000000000000000000e+00
-3.520538946643124234e+01 4.312568895442553618e+00 3.405633071300227357e+02 1.000000000000000000e+00
-3.507645995309434994e+01 4.906932145890865904e+00 3.405518823531720614e+02 1.000000000000000000e+00
-3.494701186277838190e+01 5.501251786575599212e+00 3.405402272463798568e+02 1.000000000000000000e+00
-3.481704551225273292e+01 6.095526612070605310e+00 3.405283418570203935e+02 1.000000000000000000e+00
-3.468656122035315548e+01 6.689755417298905549e+00 3.405162262334002321e+02 1.000000000000000000e+00
-3.455555930797913078e+01 7.283936997540713776e+00 3.405038804247559483e+02 1.000000000000000000e+00
-3.442404009809126109e+01 7.878070148441591591e+00 3.404913044812539056e+02 1.000000000000000000e+00
-3.429200391570882545e+01 8.472153666020485474e+00 3.404784984539899142e+02 1.000000000000000000e+00
-3.415945108790718621e+01 9.066186346677955754e+00 3.404654623949899701e+02 1.000000000000000000e+00
-3.402638194381502501e+01 9.660166987204094724e+00 3.404521963572063896e+02 1.000000000000000000e+00
-3.389279681461193405e+01 1.025409438478683377e+01 3.404387003945216179e+02 1.000000000000000000e+00
-3.375869603352565917e+01 1.084796733701980465e+01 3.404249745617443068e+02 1.000000000000000000e+00
-3.362407993582935006e+01 1.144178464191056399e+01 3.404110189146099401e+02 1.000000000000000000e+00
-3.348894885883910888e+01 1.203554509788857629e+01 3.403968335097808904e+02 1.000000000000000000e+00
-3.335330314191106993e+01 1.262924750381336914e+01 3.403824184048448842e+02 1.000000000000000000e+00
-3.321714312643867828e+01 1.322289065898251792e+01 3.403677736583146043e+02 1.000000000000000000e+00
-3.308046915585016023e+01 1.381647336313970342e+01 3.403528993296277463e+02 1.000000000000000000e+00
-3.294328157560541825e+01 1.440999441648274448e+01 3.403377954791448587e+02 1.000000000000000000e+00
-3.280558073319365775e+01 1.500345261967175681e+01 3.403224621681517874e+02 1.000000000000000000e+00
-3.266736697813013279e+01 1.559684677383694584e+01 3.403068994588546161e+02 1.000000000000000000e+00
-3.252864066195368764e+01 1.619017568058690770e+01 3.402911074143834753e+02 1.000000000000000000e+00
-3.238940213822368719e+01 1.678343814201643980e+01 3.402750860987889041e+02 1.000000000000000000e+00
-3.224965176251727428e+01 1.737663296071463037e+01 3.402588355770424755e+02 1.000000000000000000e+00
-3.210938989242642805e+01 1.796975893977286631e+01 3.402423559150361143e+02 1.000000000000000000e+00
-3.196861688755502939e+01 1.856281488279277170e+01 3.402256471795807329e+02 1.000000000000000000e+00
-3.182733310951601879e+01 1.915579959389432219e+01 3.402087094384063448e+02 1.000000000000000000e+00
-3.168553892192836585e+01 1.974871187772363612e+01 3.401915427601608144e+02 1.000000000000000000e+00
-3.154323469041416317e+01 2.034155053946113512e+01 3.401741472144097429e+02 1.000000000000000000e+00
-3.140042078259569536e+01 2.093431438482938844e+01 3.401565228716356160e+02 1.000000000000000000e+00
-3.125709756809221673e+01 2.152700222010108178e+01 3.401386698032357003e+02 1.000000000000000000e+00
-3.111326541851724770e+01 2.211961285210704631e+01 3.401205880815240903e+02 1.000000000000000000e+00
-3.096892470747518900e+01 2.271214508824408185e+01 3.401022777797281265e+02 1.000000000000000000e+00
-3.082407581055857904e+01 2.330459773648299304e+01 3.400837389719900443e+02 1.000000000000000000e+00
-3.067876909311117473e+01 2.389697003948767318e+01 3.400649779109681390e+02 1.000000000000000000e+00
-3.053312709740396258e+01 2.448926192600569962e+01 3.400460097696844741e+02 1.000000000000000000e+00
-3.038715570124426435e+01 2.508147236728233054e+01 3.400268353040323746e+02 1.000000000000000000e+00
-3.024085522878228716e+01 2.567360028806223937e+01 3.400074545841737290e+02 1.000000000000000000e+00
-3.009422600530497860e+01 2.626564461363732406e+01 3.399878676810116076e+02 1.000000000000000000e+00
-2.994726835723367131e+01 2.685760426985319427e+01 3.399680746661918533e+02 1.000000000000000000e+00
-2.979998261212182697e+01 2.744947818311570131e+01 3.399480756121013769e+02 1.000000000000000000e+00
-2.965236909865258141e+01 2.804126528039716959e+01 3.399278705918678725e+02 1.000000000000000000e+00
-2.950442814663651703e+01 2.863296448924297977e+01 3.399074596793590786e+02 1.000000000000000000e+00
-2.935616008700921498e+01 2.922457473777776826e+01 3.398868429491813004e+02 1.000000000000000000e+00
-2.920756525182900276e+01 2.981609495471212412e+01 3.398660204766809443e+02 1.000000000000000000e+00
-2.905864397427442825e+01 3.040752406934863217e+01 3.398449923379409370e+02 1.000000000000000000e+00
-2.890939658864197881e+01 3.099886101158845975e+01 3.398237586097823737e+02 1.000000000000000000e+00
-2.875982343034365485e+01 3.159010471193773029e+01 3.398023193697620741e+02 1.000000000000000000e+00
-2.860992483590463209e+01 3.218125410151380805e+01 3.397806746961741737e+02 1.000000000000000000e+00
-2.845970114296075337e+01 3.277230811205170369e+01 3.397588246680468274e+02 1.000000000000000000e+00
-2.830915269025609149e+01 3.336326567591024173e+01 3.397367693651420382e+02 1.000000000000000000e+00
-2.815827981764068610e+01 3.395412572607876456e+01 3.397145088679573632e+02 1.000000000000000000e+00
-2.800708286606786857e+01 3.454488719618316850e+01 3.396920432577214228e+02 1.000000000000000000e+00
-2.785556217759201658e+01 3.513554902049229867e+01 3.396693726163968563e+02 1.000000000000000000e+00
-2.770371809536599272e+01 3.572611013392426571e+01 3.396464970266762293e+02 1.000000000000000000e+00
-2.755155096363868950e+01 3.631656947205276964e+01 3.396234165719835119e+02 1.000000000000000000e+00
-2.739906112775257085e+01 3.690692597111338102e+01 3.396001313364731118e+02 1.000000000000000000e+00
-2.724624893414115689e+01 3.749717856800985771e+01 3.395766414050278286e+02 1.000000000000000000e+00
-2.709311473032657958e+01 3.808732620032035499e+01 3.395529468632597059e+02 1.000000000000000000e+00
-2.693965886491703543e+01 3.867736780630376359e+01 3.395290477975079284e+02 1.000000000000000000e+00
-2.678588168760423471e+01 3.926730232490591277e+01 3.395049442948383671e+02 1.000000000000000000e+00
-2.663178354916103530e+01 3.985712869576591544e+01 3.394806364430439771e+02 1.000000000000000000e+00
-2.647736480143869642e+01 4.044684585922226461e+01 3.394561243306419556e+02 1.000000000000000000e+00
-2.632262579736454100e+01 4.103645275631920697e+01 3.394314080468744237e+02 1.000000000000000000e+00
-2.616756689093925203e+01 4.162594832881294593e+01 3.394064876817075742e+02 1.000000000000000000e+00
-2.601218843723444962e+01 4.221533151917779492e+01 3.393813633258301365e+02 1.000000000000000000e+00
-2.585649079238994830e+01 4.280460127061229514e+01 3.393560350706525810e+02 1.000000000000000000e+00
-2.570047431361141577e+01 4.339375652704578101e+01 3.393305030083074030e+02 1.000000000000000000e+00
-2.554413935916761602e+01 4.398279623314407871e+01 3.393047672316469061e+02 1.000000000000000000e+00
-2.538748628838782295e+01 4.457171933431610711e+01 3.392788278342433159e+02 1.000000000000000000e+00
-2.523051546165930858e+01 4.516052477671966159e+01 3.392526849103869040e+02 1.000000000000000000e+00
-2.507322724042472473e+01 4.574921150726797947e+01 3.392263385550870112e+02 1.000000000000000000e+00
-2.491562198717941001e+01 4.633777847363563041e+01 3.391997888640689780e+02 1.000000000000000000e+00
-2.475770006546879287e+01 4.692622462426459151e+01 3.391730359337746563e+02 1.000000000000000000e+00
-2.459946183988580160e+01 4.751454890837058542e+01 3.391460798613613861e+02 1.000000000000000000e+00
-2.444090767606822467e+01 4.810275027594913411e+01 3.391189207447003469e+02 1.000000000000000000e+00
-2.428203794069596455e+01 4.869082767778154874e+01 3.390915586823766716e+02 1.000000000000000000e+00
-2.412285300148849032e+01 4.927878006544126066e+01 3.390639937736884804e+02 1.000000000000000000e+00
-2.396335322720210570e+01 4.986660639129959094e+01 3.390362261186448336e+02 1.000000000000000000e+00
-2.380353898762727027e+01 5.045430560853218793e+01 3.390082558179661305e+02 1.000000000000000000e+00
-2.364341065358600602e+01 5.104187667112476845e+01 3.389800829730823466e+02 1.000000000000000000e+00
-2.348296859692908001e+01 5.162931853387941317e+01 3.389517076861334886e+02 1.000000000000000000e+00
-2.332221319053337183e+01 5.221663015242048544e+01 3.389231300599660699e+02 1.000000000000000000e+00
-2.316114480829918776e+01 5.280381048320072068e+01 3.388943501981351005e+02 1.000000000000000000e+00
