-1.204246192913814362e+01 -6.670941125263441052e+01 3.631363646899270066e+02 1.000000000000000000e+00
-1.266081049157854821e+01 -6.678250616098662817e+01 3.642242556440951944e+02 1.000000000000000000e+00
-1.326563473752243993e+01 -6.684767870924304134e+01 3.652729943026438946e+02 1.000000000000000000e+00
-1.385658995801784243e+01 -6.690483575324658716e+01 3.662818469472711058e+02 1.000000000000000000e+00
-1.443333800299164871e+01 -6.695388914118549906e+01 3.672501016409422618e+02 1.000000000000000000e+00
-1.499554779857814957e+01 -6.699475589401994569e+01 3.681770694277334997e+02 1.000000000000000000e+00
-1.554289585947562990e+01 -6.702735837904690186e+01 3.690620855086854135e+02 1.000000000000000000e+00
-1.607506679487718060e+01 -6.705162447601605891e+01 3.699045103901107723e+02 1.000000000000000000e+00
-1.659175380651161547e+01 -6.706748773521871954e+01 3.707037310007846713e+02 1.000000000000000000e+00
-1.709265917733152662e+01 -6.707488752699413226e+01 3.714591617745260237e+02 1.000000000000000000e+00
-1.757749474938969314e+01 -6.707376918211296868e+01 3.721702456947002133e+02 1.000000000000000000e+00
-1.804598238945895972e+01 -6.706408412252510232e+01 3.728364552972794286e+02 1.000000000000000000e+00
-1.849785444096852771e+01 -6.704578998197965234e+01 3.734572936291552878e+02 1.000000000000000000e+00
-1.893285416085821993e+01 -6.701885071605929056e+01 3.740322951585408759e+02 1.000000000000000000e+00
-1.935073613998291719e+01 -6.698323670119734174e+01 3.745610266343947501e+02 1.000000000000000000e+00
-1.975126670574187671e+01 -6.693892482228203278e+01 3.750430878919581801e+02 1.000000000000000000e+00
-2.013422430565340449e+01 -6.688589854848855509e+01 3.754781126016470694e+02 1.000000000000000000e+00
-2.049939987064855274e+01 -6.682414799701695074e+01 3.758657689587134882e+02 1.000000000000000000e+00
-2.084659715691847381e+01 -6.675366998445279876e+01 3.762057603112701258e+02 1.000000000000000000e+00
-2.117563306521486766e+01 -6.667446806551279792e+01 3.764978257244826523e+02 1.000000000000000000e+00
-2.148633793657564084e+01 -6.658655255897811287e+01 3.767417404789383681e+02 1.000000000000000000e+00
-2.177855582352426111e+01 -6.648994056066288749e+01 3.769373165014139886e+02 1.000000000000000000e+00
-2.205214473587452062e+01 -6.638465594331449893e+01 3.770844027265227396e+02 1.000000000000000000e+00
-2.230697686035825100e+01 -6.627072934338369237e+01 3.771828853879277403e+02 1.000000000000000000e+00
-2.254293875338554543e+01 -6.614819813465568643e+01 3.772326882380938855e+02 1.000000000000000000e+00
-2.275993150634057827e+01 -6.601710638877464987e+01 3.772337726957675272e+02 1.000000000000000000e+00
-2.295787088291534062e+01 -6.587750482274803687e+01 3.771861379206717402e+02 1.000000000000000000e+00
-2.313668742808232537e+01 -6.572945073355829493e+01 3.770898208151321569e+02 1.000000000000000000e+00
-2.329632654841061523e+01 -6.557300792006030576e+01 3.769448959526329759e+02 1.000000000000000000e+00
-2.343674856353328551e+01 -6.540824659238759864e+01 3.767514754335662133e+02 1.000000000000000000e+00
-2.355792872867756316e+01 -6.523524326913320692e+01 3.765097086686821513e+02 1.000000000000000000e+00
-2.365985722827545601e+01 -6.505408066261888678e+01 3.762197820910363362e+02 1.000000000000000000e+00
-2.374253914077478456e+01 -6.486484755260227075e+01 3.758819187974536362e+02 1.000000000000000000e+00
-2.380599437487556358e+01 -6.466763864881770019e+01 3.754963781208038540e+02 1.000000000000000000e+00
-2.385025757751641962e+01 -6.446255444277916524e+01 3.750634551346078069e+02 1.000000000000000000e+00
-2.387537801403654925e+01 -6.424970104931344395e+01 3.745834800917353391e+02 1.000000000000000000e+00
-2.388141942103390747e+01 -6.402919003832164435e+01 3.740568177991738708e+02 1.000000000000000000e+00
-2.386845983253481762e+01 -6.380113825730095556e+01 3.734838669310634032e+02 1.000000000000000000e+00
-2.383659138017849699e+01 -6.356566764518350965e+01 3.728650592823865964e+02 1.000000000000000000e+00
-2.378592006820620242e+01 -6.332290503807662674e+01 3.722008589658967139e+02 1.000000000000000000e+00
-2.371656552412424546e+01 -6.307298196750875263e+01 3.714917615550277219e+02 1.000000000000000000e+00
-2.362866072598662726e+01 -6.281603445180657275e+01 3.707382931757038023e+02 1.000000000000000000e+00
-2.352235170731184866e+01 -6.255220278124211575e+01 3.699410095500858233e+02 1.000000000000000000e+00
-2.339779724071413369e+01 -6.228163129760300620e+01 3.691004949954381118e+02 1.000000000000000000e+00
-2.325516850138621550e+01 -6.200446816884904422e+01 3.682173613813976090e+02 1.000000000000000000e+00
-2.309464871162384370e+01 -6.172086515952214825e+01 3.672922470490167939e+02 1.000000000000000000e+00
-2.291643276762752635e+01 -6.143097739758243137e+01 3.663258156950344642e+02 1.000000000000000000e+00
-2.272072684985635149e+01 -6.113496313834214391e+01 3.653187552248839438e+02 1.000000000000000000e+00
-2.250774801824143623e+01 -6.083298352616623816e+01 3.642717765779850652e+02 1.000000000000000000e+00
-2.227772379359227983e+01 -6.052520235460283970e+01 3.631856125288962858e+02 1.000000000000000000e+00
-2.203177181635826898e+01 -6.021235256840088113e+01 3.620644243634315558e+02 1.000000000000000000e+00
-2.178937371546596324e+01 -5.990695376315961340e+01 3.609834315079901330e+02 1.000000000000000000e+00
-2.155826544114625776e+01 -5.961387555828699192e+01 3.599722920649819571e+02 1.000000000000000000e+00
-2.133823052359685946e+01 -5.933286017238860666e+01 3.590298874745157605e+02 1.000000000000000000e+00
-2.112906647824363304e+01 -5.906366529615095118e+01 3.581551835555886782e+02 1.000000000000000000e+00
-2.093058426934642569e+01 -5.880606346691492803e+01 3.573472275977584900e+02 1.000000000000000000e+00
-2.074260781690650646e+01 -5.855984149155185747e+01 3.566051457099822528e+02 1.000000000000000000e+00
-2.056497354433788871e+01 -5.832479991471496561e+01 3.559281404125735548e+02 1.000000000000000000e+00
-2.039752996460991952e+01 -5.810075252980914939e+01 3.553154884596556826e+02 1.000000000000000000e+00
-2.024013730279592949e+01 -5.788752593027901128e+01 3.547665388808413809e+02 1.000000000000000000e+00
-2.009266715317153640e+01 -5.768495909904787311e+01 3.542807112321075351e+02 1.000000000000000000e+00
-1.995500216920077108e+01 -5.749290303415569525e+01 3.538574940469890180e+02 1.000000000000000000e+00
-1.982703578492927576e+01 -5.731122040884654467e+01 3.534964434803103472e+02 1.000000000000000000e+00
-1.970867196647266795e+01 -5.713978526454150142e+01 3.531971821376841945e+02 1.000000000000000000e+00
-1.959982499244754806e+01 -5.697848273530911456e+01 3.529593980849885497e+02 1.000000000000000000e+00
-1.950041926234251122e+01 -5.682720880260954743e+01 3.527828440329379873e+02 1.000000000000000000e+00
-1.941038913196930338e+01 -5.668587007924421783e+01 3.526673366927664119e+02 1.000000000000000000e+00
-1.932967877527012490e+01 -5.655438362159070209e+01 3.526127562998760823e+02 1.000000000000000000e+00
-1.925824207188757597e+01 -5.643267676934246424e+01 3.526190463031335867e+02 1.000000000000000000e+00
-1.919604252003134093e+01 -5.632068701211025541e+01 3.526862132183172207e+02 1.000000000000000000e+00
-1.914305317429745301e+01 -5.621836188237162446e+01 3.528143266449965836e+02 1.000000000000000000e+00
-1.909925660821802396e+01 -5.612565887438397993e+01 3.530035194469327848e+02 1.000000000000000000e+00
-1.906464490143837054e+01 -5.604254538880041991e+01 3.532539880968660668e+02 1.000000000000000000e+00
-1.903921965153768880e+01 -5.596899870285425749e+01 3.535659931873722712e+02 1.000000000000000000e+00
-1.902299201062902867e+01 -5.590500596609777517e+01 3.539398601102611792e+02 1.000000000000000000e+00
-1.901598274699535196e+01 -5.585056422180888802e+01 3.543759799078385413e+02 1.000000000000000000e+00
-1.901822233214196345e+01 -5.580568045430252511e+01 3.548748103002029097e+02 1.000000000000000000e+00
-1.902975105377201004e+01 -5.577037166251103173e+01 3.554368768936349738e+02 1.000000000000000000e+00
-1.905061915532381889e+01 -5.574466496033279128e+01 3.560627745760766061e+02 1.000000000000000000e+00
-1.908088700284410066e+01 -5.572859770438000737e+01 3.567531691066679969e+02 1.000000000000000000e+00
-1.912062528011578877e+01 -5.572221764990204917e+01 3.575087989073485346e+02 1.000000000000000000e+00
-1.916991521310928093e+01 -5.572558313580744027e+01 3.583304770656258142e+02 1.000000000000000000e+00
-1.922884882498712500e+01 -5.573876329986631362e+01 3.592190935588002958e+02 1.000000000000000000e+00
-1.929752922306197149e+01 -5.576183832533935458e+01 3.601756177111765282e+02 1.000000000000000000e+00
-1.937607091929226044e+01 -5.579489972046074797e+01 3.612011008971801402e+02 1.000000000000000000e+00
-1.946460018609559839e+01 -5.583805063238852995e+01 3.622966795047317419e+02 1.000000000000000000e+00
-1.956325544947423367e+01 -5.589140619744666338e+01 3.634635781748656882e+02 1.000000000000000000e+00
-1.967218772167666074e+01 -5.595509392969904638e+01 3.647031133352805341e+02 1.000000000000000000e+00
-1.979156107587195024e+01 -5.602925415014264843e+01 3.660166970474346044e+02 1.000000000000000000e+00
-1.992155316558618239e+01 -5.611404045906400739e+01 3.674058411888511841e+02 1.000000000000000000e+00
-2.006235579195226038e+01 -5.620962025439394694e+01 3.688721619945920338e+02 1.000000000000000000e+00
-2.021417552215197588e+01 -5.631617529920685428e+01 3.704173849843523953e+02 1.000000000000000000e+00
-2.037723436279398825e+01 -5.643390234185802257e+01 3.720433503043994961e+02 1.000000000000000000e+00
-2.055177049236838727e+01 -5.656301379263056361e+01 3.737520185166133047e+02 1.000000000000000000e+00
-2.073803905736296826e+01 -5.670373846118466332e+01 3.755454768702783213e+02 1.000000000000000000e+00
-2.093631303711358171e+01 -5.685632235956542502e+01 3.774259460959996204e+02 1.000000000000000000e+00
-2.114688418300470119e+01 -5.702102957604007827e+01 3.793957877652822503e+02 1.000000000000000000e+00
-2.137006403823998824e+01 -5.719814322560844744e+01 3.814575122639328697e+02 1.000000000000000000e+00
-2.160618504507394988e+01 -5.738796648366531628e+01 3.836137874325879125e+02 1.000000000000000000e+00
-2.185560174714679249e+01 -5.759082371000519629e+01 3.858674479334341640e+02 1.000000000000000000e+00
-2.211369251764734400e+01 -5.780442825641381432e+01 3.882038198836179959e+02 1.000000000000000000e+00
-2.235048011541745439e+01 -5.801311399252940504e+01 3.905180272782205861e+02 1.000000000000000000e+00
-2.256040945058710179e+01 -5.821402739008266991e+01 3.927906602135722096e+02 1.000000000000000000e+00
-2.274289717947739220e+01 -5.840692501040960138e+01 3.950197786968394666e+02 1.000000000000000000e+00
-2.289737581849285064e+01 -5.859156635430792193e+01 3.972034443547249793e+02 1.000000000000000000e+00
-2.302329521726422357e+01 -5.876771437786356955e+01 3.993397239577720370e+02 1.000000000000000000e+00
-2.312012403507642944e+01 -5.893513601649972600e+01 4.014266930508020437e+02 1.000000000000000000e+00
-2.318735121508978736e+01 -5.909360271557605415e+01 4.034624396798289467e+02 1.000000000000000000e+00
-2.322448745063067577e+01 -5.924289096575875391e+01 4.054450682048830572e+02 1.000000000000000000e+00
-2.323106663762184709e+01 -5.938278284128092821e+01 4.073727031872801376e+02 1.000000000000000000e+00
-2.320664730704422851e+01 -5.951306653911869660e+01 4.092434933390034075e+02 1.000000000000000000e+00
-2.315081403117908820e+01 -5.963353691702475601e+01 4.110556155210530278e+02 1.000000000000000000e+00
-2.306317879726817921e+01 -5.974399602828345479e+01 4.128072787768306853e+02 1.000000000000000000e+00
-2.294338234215990724e+01 -5.984425365099139782e+01 4.144967283859397185e+02 1.000000000000000000e+00
-2.279109544147618038e+01 -5.993412780961234176e+01 4.161222499231139409e+02 1.000000000000000000e+00
-2.260602014684771532e+01 -6.001344528651817711e+01 4.176821733064403475e+02 1.000000000000000000e+00
-2.238789096481943730e+01 -6.008204212120276111e+01 4.191748768185526046e+02 1.000000000000000000e+00
-2.213647597112939280e+01 -6.013976409484588714e+01 4.205987910840870541e+02 1.000000000000000000e+00
-2.185157785421151644e+01 -6.018646719790874045e+01 4.219524029864098793e+02 1.000000000000000000e+00
-2.153303488196800686e+01 -6.022201807846666100e+01 4.232342595064373540e+02 1.000000000000000000e+00
-2.118072178609794065e+01 -6.024629446901965224e+01 4.244429714663054938e+02 1.000000000000000000e+00
-2.079455055855811807e+01 -6.025918558957977211e+01 4.255772171607026166e+02 1.000000000000000000e+00
-2.037447115506684980e+01 -6.026059252490232154e+01 4.266357458588275904e+02 1.000000000000000000e+00
-1.992047210093955201e+01 -6.025042857381982486e+01 4.276173811602486694e+02 1.000000000000000000e+00
-1.943258099496719282e+01 -6.022861956873968836e+01 4.285210241883372646e+02 1.000000000000000000e+00
-1.891086490751025195e+01 -6.019510416348924053e+01 4.293456566054985046e+02 1.000000000000000000e+00
-1.835543066947863622e+01 -6.014983408782651253e+01 4.300903434350673820e+02 1.000000000000000000e+00
-1.776642504940089395e+01 -6.009277436708801901e+01 4.307542356755426454e+02 1.000000000000000000e+00
-1.714403481634755266e+01 -6.002390350560633436e+01 4.313365726936899023e+02 1.000000000000000000e+00
-1.648848668706064302e+01 -5.994321363270953640e+01 4.318366843840818774e+02 1.000000000000000000e+00
-1.580004715624948552e+01 -5.985071061030083683e+01 4.322539930837309043e+02 1.000000000000000000e+00
-1.507902220963677209e+01 -5.974641410121477492e+01 4.325880152316721023e+02 1.000000000000000000e+00
-1.432575691997251965e+01 -5.963035759775222999e+01 4.328383627646512650e+02 1.000000000000000000e+00
-1.354063492687395431e+01 -5.950258841000654542e+01 4.330047442414178249e+02 1.000000000000000000e+00
-1.272407780198735416e+01 -5.936316761381237939e+01 4.330869656895711159e+02 1.000000000000000000e+00
-1.187654430160095664e+01 -5.921216995836505248e+01 4.330849311703630633e+02 1.000000000000000000e+00
-1.099852950945986585e+01 -5.904968373377980129e+01 4.329986430583974197e+02 1.000000000000000000e+00
-1.009056387313736458e+01 -5.887581059907848413e+01 4.328282020347064645e+02 1.000000000000000000e+00
-9.153212137899487288e+00 -5.869066537130741068e+01 4.325738067932357467e+02 1.000000000000000000e+00
-8.187072182553007949e+00 -5.849437577669957022e+01 4.322357534623379252e+02 1.000000000000000000e+00
-7.192773762289535355e+00 -5.828708216500068318e+01 4.318144347444178379e+02 1.000000000000000000e+00
-6.170977164023603301e+00 -5.806893718827127771e+01 4.313103387783777407e+02 1.000000000000000000e+00
-5.122371780165548394e+00 -5.784010544566564249e+01 4.307240477310112396e+02 1.000000000000000000e+00
-4.047674607171765082e+00 -5.760076309585767262e+01 4.300562361248831280e+02 1.000000000000000000e+00
-2.947628675564731626e+00 -5.735109743894970080e+01 4.293076689116354601e+02 1.000000000000000000e+00
-1.823001418419566866e+00 -5.709130646984044688e+01 4.284791993008963118e+02 1.000000000000000000e+00
-6.745829855623046711e-01 -5.682159840516428773e+01 4.275717663562036819e+02 1.000000000000000000e+00
4.968154890773056609e-01 -5.654219118602431848e+01 4.265863923704320655e+02 1.000000000000000000e+00
1.690363659373601335e+00 -5.625331195884121627e+01 4.255241800342222973e+02 1.000000000000000000e+00
2.905213770500819859e+00 -5.595519653671813387e+01 4.243863094117929791e+02 1.000000000000000000e+00
4.112902884917883917e+00 -5.565039328436637334e+01 4.231915587808077248e+02 1.000000000000000000e+00
5.245799287602315175e+00 -5.534467992134663916e+01 4.219835284130015225e+02 1.000000000000000000e+00
6.301341982994484781e+00 -5.503835932286491328e+01 4.207644277749138269e+02 1.000000000000000000e+00
7.280064760554469494e+00 -5.473147581792832739e+01 4.195345080687559971e+02 1.000000000000000000e+00
8.182514776252446609e+00 -5.442407336574101606e+01 4.182940203421203478e+02 1.000000000000000000e+00
9.009252127061252224e+00 -5.411619554249319464e+01 4.170432153840978344e+02 1.000000000000000000e+00
9.760849424717093825e+00 -5.380788552862294694e+01 4.157823436233724124e+02 1.000000000000000000e+00
1.043789136913913040e+01 -5.349918609655384216e+01 4.145116550283525498e+02 1.000000000000000000e+00
1.104097432189169936e+01 -5.319013959890778409e+01 4.132313990093752523e+02 1.000000000000000000e+00
1.157070588006064149e+01 -5.288078795719449943e+01 4.119418243230329040e+02 1.000000000000000000e+00
1.202770445090852114e+01 -5.257117265097702585e+01 4.106431789786570903e+02 1.000000000000000000e+00
1.241259882766246569e+01 -5.226133470751216237e+01 4.093357101469927102e+02 1.000000000000000000e+00
1.272602776677844894e+01 -5.195131469186580375e+01 4.080196640711046143e+02 1.000000000000000000e+00
1.296863956701574772e+01 -5.164115269749914461e+01 4.066952859795295012e+02 1.000000000000000000e+00
1.314109165064513363e+01 -5.133088833732659140e+01 4.053628200017151357e+02 1.000000000000000000e+00
1.324405014710260708e+01 -5.102056073523884550e+01 4.040225090857516648e+02 1.000000000000000000e+00
1.327818947939206673e+01 -5.071020851809160490e+01 4.026745949184315805e+02 1.000000000000000000e+00
1.324419195352598422e+01 -5.039986980815319129e+01 4.013193178476375351e+02 1.000000000000000000e+00
1.314274735128553750e+01 -5.008958221600912708e+01 3.999569168070821661e+02 1.000000000000000000e+00
1.297455252656831881e+01 -4.977938283391793561e+01 3.985876292434053880e+02 1.000000000000000000e+00
1.274031100558120855e+01 -4.946930822961346053e+01 3.972116910456323922e+02 1.000000000000000000e+00
1.244073259112528085e+01 -4.915939444054894381e+01 3.958293364770046310e+02 1.000000000000000000e+00
1.207653297120755553e+01 -4.884967696857635389e+01 3.944407981091741817e+02 1.000000000000000000e+00
1.164843333220393262e+01 -4.854019077505618895e+01 3.930463067587718342e+02 1.000000000000000000e+00
1.115715997678582028e+01 -4.823097027638990397e+01 3.916460914263327027e+02 1.000000000000000000e+00
1.060344394681249369e+01 -4.792204933997007998e+01 3.902403792375819762e+02 1.000000000000000000e+00
9.988020651379244441e+00 -4.761346128054002946e+01 3.888293953870667679e+02 1.000000000000000000e+00
9.311629500201576093e+00 -4.730523885695658493e+01 3.874133630841240006e+02 1.000000000000000000e+00
8.575013542503333142e+00 -4.699741426934881616e+01 3.859925035011729051e+02 1.000000000000000000e+00
7.778919111567178746e+00 -4.669001915666392222e+01 3.845670357243088802e+02 1.000000000000000000e+00
6.924095475094390828e+00 -4.638308459459450006e+01 3.831371767061937135e+02 1.000000000000000000e+00
6.011294491510430937e+00 -4.607664109387701501e+01 3.817031412212077726e+02 1.000000000000000000e+00
5.041270272342678993e+00 -4.577071859895497141e+01 3.802651418228533089e+02 1.000000000000000000e+00
4.014778850786433928e+00 -4.546534648699792314e+01 3.788233888033804533e+02 1.000000000000000000e+00
2.932577856565012908e+00 -4.516055356726744918e+01 3.773780901556104368e+02 1.000000000000000000e+00
1.795426197179867511e+00 -4.485636808082274030e+01 3.759294515369344936e+02 1.000000000000000000e+00
6.040837456377319281e-01 -4.455281770055567137e+01 3.744776762354524067e+02 1.000000000000000000e+00
-6.406889652689985448e-01 -4.424992953154774256e+01 3.730229651382267662e+02 1.000000000000000000e+00
-1.938131042060171394e+00 -4.394773011173937505e+01 3.715655167016188329e+02 1.000000000000000000e+00
-3.287481522985616245e+00 -4.364624541290330484e+01 3.701055269236769618e+02 1.000000000000000000e+00
-4.687979663713001344e+00 -4.334550084191256047e+01 3.686431893185398394e+02 1.000000000000000000e+00
-6.138865216243892142e+00 -4.304552124229437027e+01 3.671786948928245806e+02 1.000000000000000000e+00
-7.639378701025383300e+00 -4.274633089606093961e+01 3.657122321239597795e+02 1.000000000000000000e+00
-9.188761672231990474e+00 -4.244795352580820946e+01 3.642439869404301476e+02 1.000000000000000000e+00
-1.078625697620061530e+01 -4.215041229707352244e+01 3.627741427038958477e+02 1.000000000000000000e+00
-1.243110900300898791e+01 -4.185372982094309435e+01 3.613028801931441762e+02 1.000000000000000000e+00
-1.412256393119541364e+01 -4.155792815690085007e+01 3.598303775898422714e+02 1.000000000000000000e+00
-1.585986996562397167e+01 -4.126302881590898153e+01 3.583568104660432709e+02 1.000000000000000000e+00
-1.764227756850724660e+01 -4.096905276371193594e+01 3.568823517734119832e+02 1.000000000000000000e+00
-1.946903968360461334e+01 -4.067602042435522236e+01 3.554071718341297696e+02 1.000000000000000000e+00
