-3.492194555554083735e+01 -5.349293698845145428e+01 3.401984104164227460e+02 1.000000000000000000e+00
-3.486143264852847778e+01 -5.298290033092394680e+01 3.402053146377647863e+02 1.000000000000000000e+00
-3.480048974581939802e+01 -5.247283729827910292e+01 3.402121823603935695e+02 1.000000000000000000e+00
-3.473911684113743803e+01 -5.196274805434535438e+01 3.402190135798710457e+02 1.000000000000000000e+00
-3.467731392848477157e+01 -5.145263276298150856e+01 3.402258082917829256e+02 1.000000000000000000e+00
-3.461508100214203409e+01 -5.094249158807612332e+01 3.402325664917377139e+02 1.000000000000000000e+00
-3.455241805666840804e+01 -5.043232469354793324e+01 3.402392881753680172e+02 1.000000000000000000e+00
-3.448932508690152332e+01 -4.992213224334508936e+01 3.402459733383291791e+02 1.000000000000000000e+00
-3.442580208795765628e+01 -4.941191440144533686e+01 3.402526219763001905e+02 1.000000000000000000e+00
-3.436184905523152366e+01 -4.890167133185567394e+01 3.402592340849826087e+02 1.000000000000000000e+00
-3.429746598439661653e+01 -4.839140319861239448e+01 3.402658096601029456e+02 1.000000000000000000e+00
-3.423265287140504398e+01 -4.788111016578070434e+01 3.402723486974098250e+02 1.000000000000000000e+00
-3.416740971248747627e+01 -4.737079239745451531e+01 3.402788511926753472e+02 1.000000000000000000e+00
-3.410173650415345037e+01 -4.686045005775645222e+01 3.402853171416951454e+02 1.000000000000000000e+00
-3.403563324319121364e+01 -4.635008331083763267e+01 3.402917465402888411e+02 1.000000000000000000e+00
-3.396909992666773093e+01 -4.583969232087736856e+01 3.402981393842985085e+02 1.000000000000000000e+00
-3.390213655192881248e+01 -4.532927725208306668e+01 3.403044956695900964e+02 1.000000000000000000e+00
-3.383474311659907130e+01 -4.481883826869022158e+01 3.403108153920533141e+02 1.000000000000000000e+00
-3.376691961858200131e+01 -4.430837553496179737e+01 3.403170985476000396e+02 1.000000000000000000e+00
-3.369866605606004129e+01 -4.379788921518862566e+01 3.403233451321673897e+02 1.000000000000000000e+00
-3.362998242749443989e+01 -4.328737947368875894e+01 3.403295551417143656e+02 1.000000000000000000e+00
-3.356086873162547590e+01 -4.277684647480753455e+01 3.403357285722242409e+02 1.000000000000000000e+00
-3.349132496747234455e+01 -4.226629038291731177e+01 3.403418654197032538e+02 1.000000000000000000e+00
-3.342135113433327831e+01 -4.175571136241743631e+01 3.403479656801816873e+02 1.000000000000000000e+00
-3.335094723178550424e+01 -4.124510957773375708e+01 3.403540293497125049e+02 1.000000000000000000e+00
-3.328011325968532219e+01 -4.073448519331881101e+01 3.403600564243726581e+02 1.000000000000000000e+00
-3.320884921816811186e+01 -4.022383837365145354e+01 3.403660469002625746e+02 1.000000000000000000e+00
-3.313715510764833994e+01 -3.971316928323667383e+01 3.403720007735061017e+02 1.000000000000000000e+00
-3.306503092881953165e+01 -3.920247808660548827e+01 3.403779180402499946e+02 1.000000000000000000e+00
-3.299247668265450528e+01 -3.869176494831471302e+01 3.403837986966655649e+02 1.000000000000000000e+00
-3.291949237040512344e+01 -3.818103003294685749e+01 3.403896427389469181e+02 1.000000000000000000e+00
-3.284607799360247071e+01 -3.767027350510983297e+01 3.403954501633115228e+02 1.000000000000000000e+00
-3.277223355405687499e+01 -3.715949552943691714e+01 3.404012209660007215e+02 1.000000000000000000e+00
-3.269795905385790036e+01 -3.664869627058650536e+01 3.404069551432797311e+02 1.000000000000000000e+00
-3.262325449537429023e+01 -3.613787589324184779e+01 3.404126526914361079e+02 1.000000000000000000e+00
-3.254811988125420186e+01 -3.562703456211104225e+01 3.404183136067819646e+02 1.000000000000000000e+00
-3.247255521442499315e+01 -3.511617244192681397e+01 3.404239378856529470e+02 1.000000000000000000e+00
-3.239656049809337901e+01 -3.460528969744619587e+01 3.404295255244074951e+02 1.000000000000000000e+00
-3.232013573574536736e+01 -3.409438649345050010e+01 3.404350765194281507e+02 1.000000000000000000e+00
-3.224328093114642968e+01 -3.358346299474518304e+01 3.404405908671210454e+02 1.000000000000000000e+00
-3.216599608834125235e+01 -3.307251936615943322e+01 3.404460685639151620e+02 1.000000000000000000e+00
-3.208828121165409897e+01 -3.256155577254629208e+01 3.404515096062639827e+02 1.000000000000000000e+00
-3.201013630568849777e+01 -3.205057237878227738e+01 3.404569139906441819e+02 1.000000000000000000e+00
-3.193156137532753291e+01 -3.153956934976730508e+01 3.404622817135561945e+02 1.000000000000000000e+00
-3.185255642573359580e+01 -3.102854685042433402e+01 3.404676127715229086e+02 1.000000000000000000e+00
-3.177312146234865153e+01 -3.051750504569950095e+01 3.404729071610923370e+02 1.000000000000000000e+00
-3.169325649089412522e+01 -3.000644410056167999e+01 3.404781648788354005e+02 1.000000000000000000e+00
-3.161296151737094107e+01 -2.949536418000243287e+01 3.404833859213467804e+02 1.000000000000000000e+00
-3.153223654805944420e+01 -2.898426544903573188e+01 3.404885702852440659e+02 1.000000000000000000e+00
-3.145108158951962807e+01 -2.847314807269789583e+01 3.404937179671692888e+02 1.000000000000000000e+00
-3.136949581780499230e+01 -2.796201139458059970e+01 3.404988189606279434e+02 1.000000000000000000e+00
-3.128746102268503293e+01 -2.745083788262495972e+01 3.405036531855100179e+02 1.000000000000000000e+00
-3.120496994418069292e+01 -2.693962161433057645e+01 3.405081305856981544e+02 1.000000000000000000e+00
-3.112202282372659567e+01 -2.642836419578542717e+01 3.405122511330346242e+02 1.000000000000000000e+00
-3.103861990563823525e+01 -2.591706723341746610e+01 3.405160148016054791e+02 1.000000000000000000e+00
-3.095476143710925854e+01 -2.540573233397768504e+01 3.405194215677395846e+02 1.000000000000000000e+00
-3.087044766820927322e+01 -2.489436110452346895e+01 3.405224714100097572e+02 1.000000000000000000e+00
-3.078567885188144260e+01 -2.438295515240164946e+01 3.405251643092345262e+02 1.000000000000000000e+00
-3.070045524393965053e+01 -2.387151608523164725e+01 3.405275002484750075e+02 1.000000000000000000e+00
-3.061477710306624189e+01 -2.336004551088873882e+01 3.405294792130389396e+02 1.000000000000000000e+00
-3.052864469080923726e+01 -2.284854503748704602e+01 3.405311011904777843e+02 1.000000000000000000e+00
-3.044205827157976074e+01 -2.233701627336285611e+01 3.405323661705894551e+02 1.000000000000000000e+00
-3.035501811264927596e+01 -2.182546082705767887e+01 3.405332741454173515e+02 1.000000000000000000e+00
-3.026752448414680430e+01 -2.131388030730133210e+01 3.405338251092488804e+02 1.000000000000000000e+00
-3.017957765905631007e+01 -2.080227632299522966e+01 3.405340190586192648e+02 1.000000000000000000e+00
-3.009117791321363455e+01 -2.029065048319536402e+01 3.405338559923076787e+02 1.000000000000000000e+00
-3.000232552530378172e+01 -1.977900439709551961e+01 3.405333359113406573e+02 1.000000000000000000e+00
-2.991302077685788419e+01 -1.926733967401037262e+01 3.405324588189893120e+02 1.000000000000000000e+00
-2.982326395225025095e+01 -1.875565792335862270e+01 3.405312247207706946e+02 1.000000000000000000e+00
-2.973305533869542927e+01 -1.824396075464613531e+01 3.405296336244477402e+02 1.000000000000000000e+00
-2.964239522624505341e+01 -1.773224977744905928e+01 3.405276855400291538e+02 1.000000000000000000e+00
-2.955128390778475733e+01 -1.722052660139693003e+01 3.405253804797679891e+02 1.000000000000000000e+00
-2.945972167903100924e+01 -1.670879283615579425e+01 3.405227184581632400e+02 1.000000000000000000e+00
-2.936770883852800296e+01 -1.619705009141141971e+01 3.405196994919587610e+02 1.000000000000000000e+00
-2.927524568764425794e+01 -1.568529997685224053e+01 3.405163236001423570e+02 1.000000000000000000e+00
-2.918233253056953558e+01 -1.517354410215268778e+01 3.405125908039474325e+02 1.000000000000000000e+00
-2.908896967431134684e+01 -1.466178407695614894e+01 3.405085011268504331e+02 1.000000000000000000e+00
-2.899515742869163049e+01 -1.415002151085817239e+01 3.405040545945713006e+02 1.000000000000000000e+00
-2.890089610634334960e+01 -1.363825801338964183e+01 3.404992512350743255e+02 1.000000000000000000e+00
-2.880618602270701700e+01 -1.312649519399980491e+01 3.404940910785653614e+02 1.000000000000000000e+00
-2.871102749602722781e+01 -1.261473466203946536e+01 3.404885741574933036e+02 1.000000000000000000e+00
-2.861542084734904634e+01 -1.210297802674412182e+01 3.404827005065487810e+02 1.000000000000000000e+00
-2.851936640051448180e+01 -1.159122689721709598e+01 3.404764701626634178e+02 1.000000000000000000e+00
-2.842286448215876504e+01 -1.107948288241267143e+01 3.404698831650102875e+02 1.000000000000000000e+00
-2.832591542170675680e+01 -1.056774759111926620e+01 3.404629395550010145e+02 1.000000000000000000e+00
-2.822851955136920665e+01 -1.005602263194257517e+01 3.404556393762883886e+02 1.000000000000000000e+00
-2.813067720613895872e+01 -9.544309613288712413e+00 3.404479826747630113e+02 1.000000000000000000e+00
-2.803238872378712188e+01 -9.032610143347371334e+00 3.404399694985532960e+02 1.000000000000000000e+00
-2.793365444485926830e+01 -8.520925830075066543e+00 3.404315998980256381e+02 1.000000000000000000e+00
-2.783447471267158235e+01 -8.009258281178203376e+00 3.404228739257826533e+02 1.000000000000000000e+00
-2.773484987330677143e+01 -7.497609104096317978e+00 3.404137916366620971e+02 1.000000000000000000e+00
-2.763478027561018280e+01 -6.985979905985266747e+00 3.404043530877371495e+02 1.000000000000000000e+00
-2.753426627118582815e+01 -6.474372293700390024e+00 3.403945583383148232e+02 1.000000000000000000e+00
-2.743330821439220202e+01 -5.962787873779759273e+00 3.403844074499346561e+02 1.000000000000000000e+00
-2.733190646233828147e+01 -5.451228252427371856e+00 3.403739004863685977e+02 1.000000000000000000e+00
-2.723006137487924860e+01 -4.939695035496331599e+00 3.403630375136191333e+02 1.000000000000000000e+00
-2.712777331461240848e+01 -4.428189828472122613e+00 3.403518185999192838e+02 1.000000000000000000e+00
-2.702504264687290103e+01 -3.916714236455827614e+00 3.403402438157305596e+02 1.000000000000000000e+00
-2.692186973972945907e+01 -3.405269864147365766e+00 3.403283132337422785e+02 1.000000000000000000e+00
-2.681825496397998876e+01 -2.893858315828788275e+00 3.403160269288702011e+02 1.000000000000000000e+00
-2.671420858838742518e+01 -2.382481504773034775e+00 3.403034291752728109e+02 1.000000000000000000e+00
-2.660979023518628850e+01 -1.871142293152784575e+00 3.402907852044416472e+02 1.000000000000000000e+00
-2.650500985657664188e+01 -1.359841065915711189e+00 3.402781392172311712e+02 1.000000000000000000e+00
-2.639986749564858570e+01 -8.485778321514017009e-01 3.402654912141952082e+02 1.000000000000000000e+00
-2.629436319550470103e+01 -3.373526009460744990e-01 3.402528411958888910e+02 1.000000000000000000e+00
-2.618849699925998920e+01 1.738346186173324037e-01 3.402401891628663861e+02 1.000000000000000000e+00
-2.608226895004190737e+01 6.849838174592887130e-01 3.402275351156818601e+02 1.000000000000000000e+00
-2.597567909099036498e+01 1.196094986503519531e+00 3.402148790548899910e+02 1.000000000000000000e+00
-2.586872746525765265e+01 1.707168116677125536e+00 3.402022209810451159e+02 1.000000000000000000e+00
-2.576141411600855946e+01 2.218203198910536855e+00 3.401895608947014580e+02 1.000000000000000000e+00
-2.565373908642024858e+01 2.729200224137489528e+00 3.401768987964138660e+02 1.000000000000000000e+00
-2.554570241968236388e+01 3.240159183295074907e+00 3.401642346867366200e+02 1.000000000000000000e+00
-2.543730415899688069e+01 3.751080067323717238e+00 3.401515685662243413e+02 1.000000000000000000e+00
-2.532854434757826922e+01 4.261962867167179425e+00 3.401389004354319354e+02 1.000000000000000000e+00
-2.521942302865328500e+01 4.772807573772524847e+00 3.401262302949135119e+02 1.000000000000000000e+00
-2.510994024546119618e+01 5.283614178090188851e+00 3.401135581452239762e+02 1.000000000000000000e+00
-2.500009604125353846e+01 5.794382671073891267e+00 3.401008839869176086e+02 1.000000000000000000e+00
-2.488989045929435306e+01 6.305113043680766971e+00 3.400882078205493144e+02 1.000000000000000000e+00
-2.477932354285994876e+01 6.815805286871195356e+00 3.400755296466738287e+02 1.000000000000000000e+00
-2.466839533523906880e+01 7.326459391608948657e+00 3.400628494658454883e+02 1.000000000000000000e+00
-2.455710587973280212e+01 7.837075348861100466e+00 3.400501672786195400e+02 1.000000000000000000e+00
-2.444545521965461887e+01 8.347653149598079025e+00 3.400374830855505479e+02 1.000000000000000000e+00
-2.433344339833027092e+01 8.858192784793633479e+00 3.400247968871929061e+02 1.000000000000000000e+00
-2.422107045909788425e+01 9.368694245424855183e+00 3.400121086841016904e+02 1.000000000000000000e+00
-2.410833644530794828e+01 9.879157522472180375e+00 3.399994184768317496e+02 1.000000000000000000e+00
-2.399524140032331587e+01 1.038958260691934399e+01 3.399867262659376479e+02 1.000000000000000000e+00
-2.388178536751907899e+01 1.089996948975346314e+01 3.399740320519748593e+02 1.000000000000000000e+00
-2.376796839028271080e+01 1.141031816196495008e+01 3.399613358354973798e+02 1.000000000000000000e+00
-2.365379051201395910e+01 1.192062861454757439e+01 3.399486376170607400e+02 1.000000000000000000e+00
-2.353925177612490316e+01 1.243090083849845229e+01 3.399359373972197318e+02 1.000000000000000000e+00
-2.342435222603993950e+01 1.294113482481798272e+01 3.399232351765289195e+02 1.000000000000000000e+00
-2.330909190519577834e+01 1.345133056450994857e+01 3.399105309555435497e+02 1.000000000000000000e+00
-2.319347085704134770e+01 1.396148804858148473e+01 3.398978247348186983e+02 1.000000000000000000e+00
-2.307748912503785377e+01 1.447160726804298925e+01 3.398851165149089297e+02 1.000000000000000000e+00
-2.296114675265889460e+01 1.498168821390829564e+01 3.398724062963700590e+02 1.000000000000000000e+00
-2.284444378339026116e+01 1.549173087719445974e+01 3.398596940797560251e+02 1.000000000000000000e+00
-2.272738026072999418e+01 1.600173524892197463e+01 3.398469798656230978e+02 1.000000000000000000e+00
-2.260995622818843032e+01 1.651170132011461078e+01 3.398342636545253299e+02 1.000000000000000000e+00
-2.249217172928813113e+01 1.702162908179948886e+01 3.398215454470182522e+02 1.000000000000000000e+00
-2.237402680756395057e+01 1.753151852500710106e+01 3.398088252436571111e+02 1.000000000000000000e+00
-2.225552150656294614e+01 1.804136964077121164e+01 3.397961030449966415e+02 1.000000000000000000e+00
-2.213665586984445000e+01 1.855118242012897767e+01 3.397833788515926017e+02 1.000000000000000000e+00
-2.201742994097994099e+01 1.906095685412086382e+01 3.397706526639997264e+02 1.000000000000000000e+00
-2.189784376355316908e+01 1.957069293379069208e+01 3.397579244827730918e+02 1.000000000000000000e+00
-2.177789738116018370e+01 2.008039065018559199e+01 3.397451943084683990e+02 1.000000000000000000e+00
-2.165759083740910285e+01 2.059004999435609662e+01 3.397324621416406671e+02 1.000000000000000000e+00
-2.153692417592033692e+01 2.109967095735594711e+01 3.397197279828449155e+02 1.000000000000000000e+00
-2.141589744032649278e+01 2.160925353024240181e+01 3.397069918326370157e+02 1.000000000000000000e+00
-2.129451067427231692e+01 2.211879770407591295e+01 3.396942536915718165e+02 1.000000000000000000e+00
-2.117276392141480912e+01 2.262830346992032204e+01 3.396815135602047349e+02 1.000000000000000000e+00
-2.105071419502857211e+01 2.313776757827723785e+01 3.396687238667066140e+02 1.000000000000000000e+00
-2.092850087938041526e+01 2.364718171107128697e+01 3.396557683431792043e+02 1.000000000000000000e+00
-2.080613050650047313e+01 2.415654474769563365e+01 3.396426417426744138e+02 1.000000000000000000e+00
-2.068360328057087472e+01 2.466585591996474847e+01 3.396293441049749617e+02 1.000000000000000000e+00
-2.056091940621871927e+01 2.517511445997014619e+01 3.396158754703773752e+02 1.000000000000000000e+00
-2.043807908851493593e+01 2.568431960008445358e+01 3.396022358796923299e+02 1.000000000000000000e+00
-2.031508253297320366e+01 2.619347057296508297e+01 3.395884253742433430e+02 1.000000000000000000e+00
-2.019192994554876819e+01 2.670256661155806555e+01 3.395744439958662042e+02 1.000000000000000000e+00
-2.006862153263732296e+01 2.721160694910196298e+01 3.395602917869093176e+02 1.000000000000000000e+00
-1.994515750107390417e+01 2.772059081913156930e+01 3.395459687902330188e+02 1.000000000000000000e+00
-1.982153805813173264e+01 2.822951745548193259e+01 3.395314750492097460e+02 1.000000000000000000e+00
-1.969776341152106269e+01 2.873838609229193253e+01 3.395168106077238122e+02 1.000000000000000000e+00
-1.957383376938802044e+01 2.924719596400818133e+01 3.395019755101693022e+02 1.000000000000000000e+00
-1.944974934031354508e+01 2.975594630538896723e+01 3.394869698014524033e+02 1.000000000000000000e+00
-1.932551033331208146e+01 3.026463635150786402e+01 3.394717935269890745e+02 1.000000000000000000e+00
-1.920111695783060313e+01 3.077326533775767103e+01 3.394564467327053308e+02 1.000000000000000000e+00
-1.907656942374729070e+01 3.128183249985407244e+01 3.394409294650373567e+02 1.000000000000000000e+00
-1.895186794137051933e+01 3.179033707383963403e+01 3.394252417709305405e+02 1.000000000000000000e+00
-1.882701272143757620e+01 3.229877829608738438e+01 3.394093836978388481e+02 1.000000000000000000e+00
-1.870200397511357338e+01 3.280715540330483293e+01 3.393933552937259606e+02 1.000000000000000000e+00
-1.857684191399025764e+01 3.331546763253751209e+01 3.393771566070631138e+02 1.000000000000000000e+00
-1.845152675008476351e+01 3.382371422117287096e+01 3.393607876868292124e+02 1.000000000000000000e+00
-1.832605869583859359e+01 3.433189440694416561e+01 3.393442485825119093e+02 1.000000000000000000e+00
-1.820043796411628989e+01 3.484000742793403305e+01 3.393275393441051619e+02 1.000000000000000000e+00
-1.807466476820438928e+01 3.534805252257843478e+01 3.393106600221100848e+02 1.000000000000000000e+00
-1.794873932181005927e+01 3.585602892967020239e+01 3.392936106675338692e+02 1.000000000000000000e+00
-1.782266183906013168e+01 3.636393588836309476e+01 3.392763913318905793e+02 1.000000000000000000e+00
-1.769643253449974196e+01 3.687177263817532236e+01 3.392590020671991056e+02 1.000000000000000000e+00
-1.757005162309119939e+01 3.737953841899343388e+01 3.392414429259844724e+02 1.000000000000000000e+00
-1.744351932021280049e+01 3.788723247107599690e+01 3.392237139612757346e+02 1.000000000000000000e+00
-1.731683584165763534e+01 3.839485403505728556e+01 3.392058152266069442e+02 1.000000000000000000e+00
-1.719000140363234763e+01 3.890240235195133778e+01 3.391877467760166383e+02 1.000000000000000000e+00
-1.706301622275598007e+01 3.940987666315515270e+01 3.391695086640458499e+02 1.000000000000000000e+00
-1.693588051605876998e+01 3.991727621045303209e+01 3.391511009457403816e+02 1.000000000000000000e+00
-1.680859450098085972e+01 4.042460023601986308e+01 3.391325236766481339e+02 1.000000000000000000e+00
-1.668115839537116329e+01 4.093184798242494082e+01 3.391137769128189916e+02 1.000000000000000000e+00
-1.655357241748615849e+01 4.143901869263596183e+01 3.390948607108059036e+02 1.000000000000000000e+00
-1.642583678598865049e+01 4.194611161002229949e+01 3.390757751276628937e+02 1.000000000000000000e+00
-1.629795171994648229e+01 4.245312597835913238e+01 3.390565202209450035e+02 1.000000000000000000e+00
-1.616991743883146171e+01 4.296006104183079088e+01 3.390370960487084062e+02 1.000000000000000000e+00
-1.604173416251798656e+01 4.346691604503492101e+01 3.390175026695093834e+02 1.000000000000000000e+00
-1.591340211128195037e+01 4.397369023298558233e+01 3.389977401424038703e+02 1.000000000000000000e+00
-1.578492150579936926e+01 4.448038285111749701e+01 3.389778085269479675e+02 1.000000000000000000e+00
-1.565629256714530904e+01 4.498699314528942494e+01 3.389577078831958943e+02 1.000000000000000000e+00
-1.552751551679249964e+01 4.549352036178803615e+01 3.389374382717011827e+02 1.000000000000000000e+00
-1.539859057661018404e+01 4.599996374733133564e+01 3.389169997535142898e+02 1.000000000000000000e+00
-1.526951796886288548e+01 4.650632254907269214e+01 3.388963923901851558e+02 1.000000000000000000e+00
-1.514029791620911780e+01 4.701259601460415638e+01 3.388756162437588841e+02 1.000000000000000000e+00
-1.501093064170015801e+01 4.751878339196044720e+01 3.388546713767784127e+02 1.000000000000000000e+00
-1.488141636877883656e+01 4.802488392962242614e+01 3.388335578522830360e+02 1.000000000000000000e+00
