-3.868234316970473596e+00 -8.652962848460502698e+01 4.583844393549568963e+02 1.000000000000000000e+00
-4.015111248101529640e+00 -8.904064390690359687e+01 4.758141757166193315e+02 1.000000000000000000e+00
-4.168735910731490080e+00 -9.160907405588054075e+01 4.938611876543653807e+02 1.000000000000000000e+00
-4.329169606460022024e+00 -9.422940204912569584e+01 5.125119633139889856e+02 1.000000000000000000e+00
-4.496415803245257692e+00 -9.689471249603847980e+01 5.317448302900043018e+02 1.000000000000000000e+00
-4.670408323986370291e+00 -9.959652608121677986e+01 5.515286695846754128e+02 1.000000000000000000e+00
-4.850998472205866108e+00 -1.023246349814731815e+02 5.718215636094552110e+02 1.000000000000000000e+00
-5.037941282541039456e+00 -1.050669457377896236e+02 5.925694113081485739e+02 1.000000000000000000e+00
-5.230881194183704785e+00 -1.078093380482136467e+02 6.137045564490243805e+02 1.000000000000000000e+00
-5.429337577198478648e+00 -1.105355499009686042e+02 6.351444898231314937e+02 1.000000000000000000e+00
-5.632690691912137559e+00 -1.132271013961413502e+02 6.567907018917693449e+02 1.000000000000000000e+00
-5.840168823885936611e+00 -1.158632713154963341e+02 6.785277783199192072e+02 1.000000000000000000e+00
-6.050837500469844699e+00 -1.184211417343232142e+02 7.002228452919406436e+02 1.000000000000000000e+00
-6.263591843540690540e+00 -1.208757264072415865e+02 7.217254824830288271e+02 1.000000000000000000e+00
-6.477153225355324118e+00 -1.232001979398409333e+02 7.428682265298133416e+02 1.000000000000000000e+00
-6.690071444566226155e+00 -1.253662265118737764e+02 7.634677839655803382e+02 1.000000000000000000e+00
-6.900733598823557635e+00 -1.273444388275819819e+02 7.833270570133479396e+02 1.000000000000000000e+00
-7.107380671489716306e+00 -1.291049998418668849e+02 8.022380559756754792e+02 1.000000000000000000e+00
-7.308132551328644588e+00 -1.306183116668434252e+02 8.199857268978994398e+02 1.000000000000000000e+00
-7.501021756312583832e+00 -1.318558142171609120e+02 8.363526631109826894e+02 1.000000000000000000e+00
-7.684035545219814800e+00 -1.327908612750272255e+02 8.511245969048434290e+02 1.000000000000000000e+00
-7.855165406380161919e+00 -1.333996347820984170e+02 8.640964883437391109e+02 1.000000000000000000e+00
-8.012462170214782020e+00 -1.336620506295418238e+02 8.750789501091717284e+02 1.000000000000000000e+00
-8.154094282232007274e+00 -1.335626025013253297e+02 8.839046801691331439e+02 1.000000000000000000e+00
-8.278406190957428024e+00 -1.330910878272187574e+02 8.904345285886309966e+02 1.000000000000000000e+00
-8.383973445823059478e+00 -1.322431626585209585e+02 8.945628103260743273e+02 1.000000000000000000e+00
-8.469651040551903876e+00 -1.310206807023563726e+02 8.962214986900472695e+02 1.000000000000000000e+00
-8.534611820342298927e+00 -1.294317854406513391e+02 8.953829957278045413e+02 1.000000000000000000e+00
-8.578372390923604485e+00 -1.274907419693923174e+02 8.920612718887277879e+02 1.000000000000000000e+00
-8.600804867477135573e+00 -1.252175149631733717e+02 8.863112879808717253e+02 1.000000000000000000e+00
-8.602133879674674688e+00 -1.226371186321773479e+02 8.782267436500492295e+02 1.000000000000000000e+00
-8.582919375338422086e+00 -1.197787813253296321e+02 8.679363224481008956e+02 1.000000000000000000e+00
-8.544026803380402768e+00 -1.166749795914462027e+02 8.555987090531587000e+02 1.000000000000000000e+00
-8.486587088573644522e+00 -1.133604028289782661e+02 8.413967279005811406e+02 1.000000000000000000e+00
-8.411949355151913110e+00 -1.098709098291081290e+02 8.255309881717220151e+02 1.000000000000000000e+00
-8.321629579313922775e+00 -1.062425331198980700e+02 8.082134173960848784e+02 1.000000000000000000e+00
-8.217258265950810880e+00 -1.025105773105141083e+02 7.896610297118136259e+02 1.000000000000000000e+00
-8.100529904547249416e+00 -9.870884526519770930e+01 7.700902136975940948e+02 1.000000000000000000e+00
-7.973156439763765313e+00 -9.486901263063649026e+01 7.497117490347078501e+02 1.000000000000000000e+00
-7.836826378579548447e+00 -9.102015852289100906e+01 7.287266813882168890e+02 1.000000000000000000e+00
-7.693170527199537645e+00 -8.718844919700202922e+01 7.073231095474823178e+02 1.000000000000000000e+00
-7.543734770774225495e+00 -8.339696296481226057e+01 6.856738743282759287e+02 1.000000000000000000e+00
-7.389959820442765448e+00 -7.966563874720353056e+01 6.639350885940596072e+02 1.000000000000000000e+00
-7.233167477577962856e+00 -7.601132734103212840e+01 6.422454131083501352e+02 1.000000000000000000e+00
-7.074552708700486470e+00 -7.244792339765706402e+01 6.207259629517454869e+02 1.000000000000000000e+00
-6.915180677354857863e+00 -6.898655676610407284e+01 5.994807218163706466e+02 1.000000000000000000e+00
-6.755987824031851829e+00 -6.563582373142888571e+01 5.785973438722281799e+02 1.000000000000000000e+00
-6.597786100987129032e+00 -6.240204129478424733e+01 5.581482322003788568e+02 1.000000000000000000e+00
-6.441269534334153946e+00 -5.928951059041365568e+01 5.381917963533430793e+02 1.000000000000000000e+00
-6.287022381978006003e+00 -5.630077850610500434e+01 5.187738072190483081e+02 1.000000000000000000e+00
-6.136009961896027320e+00 -5.344117570834529829e+01 4.999688843326853203e+02 1.000000000000000000e+00
-5.998516969679189792e+00 -5.079575756051244184e+01 4.826137608142725526e+02 1.000000000000000000e+00
-5.876942766929443174e+00 -4.837341576959584444e+01 4.668629957530076240e+02 1.000000000000000000e+00
-5.769443220064566447e+00 -4.614633678634027802e+01 4.525211366927603081e+02 1.000000000000000000e+00
-5.674472480783387951e+00 -4.409111523377300301e+01 4.394239041846522014e+02 1.000000000000000000e+00
-5.590726361978664904e+00 -4.218791225744291751e+01 4.274322506065911398e+02 1.000000000000000000e+00
-5.517098224599724432e+00 -4.041979951448643504e+01 4.164277301065010874e+02 1.000000000000000000e+00
-5.452644271386681396e+00 -3.877224271777765807e+01 4.063088542456096093e+02 1.000000000000000000e+00
-5.396555993993414901e+00 -3.723269127726617711e+01 3.969881970814509486e+02 1.000000000000000000e+00
-5.348138117133076186e+00 -3.579024944366602057e+01 3.883900760213836634e+02 1.000000000000000000e+00
-5.306790808260753778e+00 -3.443541066598693590e+01 3.804486793134163349e+02 1.000000000000000000e+00
-5.271995227449531640e+00 -3.315984141802252338e+01 3.731065431293188226e+02 1.000000000000000000e+00
-5.243301715282949083e+00 -3.195620406077923548e+01 3.663133045848875895e+02 1.000000000000000000e+00
-5.220320081045002780e+00 -3.081801074810763907e+01 3.600246742772803827e+02 1.000000000000000000e+00
-5.202711575920188736e+00 -2.973950219910054926e+01 3.542015847481920332e+02 1.000000000000000000e+00
-5.190182227930698389e+00 -2.871554652551929721e+01 3.488094809215963323e+02 1.000000000000000000e+00
-5.182477285119404975e+00 -2.774155433699629469e+01 3.438177258731436723e+02 1.000000000000000000e+00
-5.179376566855792063e+00 -2.681340713748213744e+01 3.391991008755517214e+02 1.000000000000000000e+00
-5.180690564290712175e+00 -2.592739663553785334e+01 3.349293829696480884e+02 1.000000000000000000e+00
-5.186257162958105127e+00 -2.508017306378518541e+01 3.309869866530833633e+02 1.000000000000000000e+00
-5.195938885549113984e+00 -2.426870097222898437e+01 3.273526588920536824e+02 1.000000000000000000e+00
-5.209620572619620305e+00 -2.349022125072484002e+01 3.240092187184828845e+02 1.000000000000000000e+00
-5.227207434663466046e+00 -2.274221836583247480e+01 3.209413343050032950e+02 1.000000000000000000e+00
-5.248623421521878996e+00 -2.202239198036744128e+01 3.181353317095425268e+02 1.000000000000000000e+00
-5.273809865200549396e+00 -2.132863227050457411e+01 3.155790305236766926e+02 1.000000000000000000e+00
-5.302724360370528522e+00 -2.065899837319888732e+01 3.132616025000770605e+02 1.000000000000000000e+00
-5.335339853545845834e+00 -2.001169949201891995e+01 3.111734499172014807e+02 1.000000000000000000e+00
-5.371643917482308517e+00 -1.938507826691108704e+01 3.093061009970601276e+02 1.000000000000000000e+00
-5.411638191976313017e+00 -1.877759607655114138e+01 3.076521201501821565e+02 1.000000000000000000e+00
-5.455337976159271740e+00 -1.818781999361949531e+01 3.062050312010321136e+02 1.000000000000000000e+00
-5.502771960738479073e+00 -1.761441115577618532e+01 3.049592520630069998e+02 1.000000000000000000e+00
-5.553982091557339018e+00 -1.705611435005595311e+01 3.039100395974120374e+02 1.000000000000000000e+00
-5.609023558441970536e+00 -1.651174863723251818e+01 3.030534436156320908e+02 1.000000000000000000e+00
-5.667964905652540963e+00 -1.598019886651114341e+01 3.023862691762275858e+02 1.000000000000000000e+00
-5.730888262445268388e+00 -1.546040795056953243e+01 3.019060464956086207e+02 1.000000000000000000e+00
-5.797889694336166855e+00 -1.495136978717258636e+01 3.016110079377764919e+02 1.000000000000000000e+00
-5.869079677705258291e+00 -1.445212272688876354e+01 3.015000716800473128e+02 1.000000000000000000e+00
-5.944583702443262396e+00 -1.396174349727110275e+01 3.015728317716425408e+02 1.000000000000000000e+00
-6.024543009481102551e+00 -1.347934150257920471e+01 3.018295544140893867e+02 1.000000000000000000e+00
-6.109115472311722250e+00 -1.300405342497577799e+01 3.022711803996712661e+02 1.000000000000000000e+00
-6.198476634075992919e+00 -1.253503805833421225e+01 3.028993337497112748e+02 1.000000000000000000e+00
-6.292820914508190810e+00 -1.207147130948709979e+01 3.037163367011658579e+02 1.000000000000000000e+00
-6.392363004097760815e+00 -1.161254130402300966e+01 3.047252313008179385e+02 1.000000000000000000e+00
-6.497339466312031853e+00 -1.115744353464759264e+01 3.059298079844103881e+02 1.000000000000000000e+00
-6.608010572745723010e+00 -1.070537598966545190e+01 3.073346416467982749e+02 1.000000000000000000e+00
-6.724662400740286650e+00 -1.025553419726529114e+01 3.089451358524710258e+02 1.000000000000000000e+00
-6.847609228506091661e+00 -9.807106117906338127e+00 3.107675759981258921e+02 1.000000000000000000e+00
-6.977196269264555717e+00 -9.359266812055924589e+00 3.128091924256674474e+02 1.000000000000000000e+00
-7.113802793639994348e+00 -8.911172803599084702e+00 3.150782347014840639e+02 1.000000000000000000e+00
-7.257845698752110053e+00 -8.461956050136427265e+00 3.175840585339738595e+02 1.000000000000000000e+00
-7.408910398645416784e+00 -8.009803765694597288e+00 3.203006913773889437e+02 1.000000000000000000e+00
-7.562030155301373568e+00 -7.548697170659155020e+00 3.230149025998068169e+02 1.000000000000000000e+00
-7.716263433946361161e+00 -7.077798660843674483e+00 3.256876020707788939e+02 1.000000000000000000e+00
-7.871512239010748146e+00 -6.597247481343343267e+00 3.283155700355533213e+02 1.000000000000000000e+00
-8.027673663013548122e+00 -6.107203360745208087e+00 3.308955538150956954e+02 1.000000000000000000e+00
-8.184639969582869767e+00 -5.607846909152954140e+00 3.334242754423894439e+02 1.000000000000000000e+00
-8.342298700677053702e+00 -5.099379948426710385e+00 3.358984397761718697e+02 1.000000000000000000e+00
-8.500532808736215529e+00 -4.582025768881818450e+00 3.383147430711831589e+02 1.000000000000000000e+00
-8.659220814343729700e+00 -4.056029306905283072e+00 3.406698819790987045e+02 1.000000000000000000e+00
-8.818236989809529192e+00 -3.521657238236187037e+00 3.429605629492627941e+02 1.000000000000000000e+00
-8.977451568904903922e+00 -2.979197982016745350e+00 3.451835119933166993e+02 1.000000000000000000e+00
-9.136730982780070676e+00 -2.428961611156386979e+00 3.473354847727861170e+02 1.000000000000000000e+00
-9.295938121886472061e+00 -1.871279665061019504e+00 3.494132769637915317e+02 1.000000000000000000e+00
-9.454932623503047751e+00 -1.306504861362951520e+00 3.514137348483126289e+02 1.000000000000000000e+00
-9.613571184235862432e+00 -7.350107039394436770e-01 3.533337660769499848e+02 1.000000000000000000e+00
-9.771707896622826794e+00 -1.571909852281264952e-01 3.551703505439808168e+02 1.000000000000000000e+00
-9.929194608734642102e+00 4.265408183729728075e-01 3.569205513117445321e+02 1.000000000000000000e+00
-1.008588130542072037e+01 1.015752258398633590e+00 3.585815255181145744e+02 1.000000000000000000e+00
-1.024161650961008441e+01 1.609992733000471299e+00 3.601505351980925980e+02 1.000000000000000000e+00
-1.039624770184301816e+01 2.208794411003476732e+00 3.616249579484286301e+02 1.000000000000000000e+00
-1.054962175598526741e+01 2.811673258973446554e+00 3.630022973627412171e+02 1.000000000000000000e+00
-1.070158538886430399e+01 3.418130167977352585e+00 3.642801931638881001e+02 1.000000000000000000e+00
-1.085198562137205336e+01 4.027652175759424580e+00 3.654564309603946413e+02 1.000000000000000000e+00
-1.100067024840233465e+01 4.639713779107531799e+00 3.665289515546027701e+02 1.000000000000000000e+00
-1.114748831483773728e+01 5.253778330260923113e+00 3.674958597318756688e+02 1.000000000000000000e+00
-1.129229059467336427e+01 5.869299510324722746e+00 3.683554324627155552e+02 1.000000000000000000e+00
-1.143493007026530606e+01 6.485722871821753444e+00 3.691061264529678851e+02 1.000000000000000000e+00
-1.157526240862322453e+01 7.102487441743323693e+00 3.697465849814348076e+02 1.000000000000000000e+00
-1.171314643163019298e+01 7.719027375766965626e+00 3.702756439691157766e+02 1.000000000000000000e+00
-1.184844457706938137e+01 8.334773653705632057e+00 3.706923372299247035e+02 1.000000000000000000e+00
-1.198102334737089691e+01 8.949155805746951131e+00 3.709959008590175245e+02 1.000000000000000000e+00
-1.211075374305603880e+01 9.561603658643441861e+00 3.711857767217298942e+02 1.000000000000000000e+00
-1.223751167795976968e+01 1.017154909073167701e+01 3.712616150134889494e+02 1.000000000000000000e+00
-1.236117837344390757e+01 1.077842778449593020e+01 3.712232758688437002e+02 1.000000000000000000e+00
-1.248164072898170218e+01 1.138168096535270735e+01 3.710708300058150826e+02 1.000000000000000000e+00
-1.259879166668850026e+01 1.198075711541869914e+01 3.708045584000306008e+02 1.000000000000000000e+00
-1.271253044759712303e+01 1.257511365123542824e+01 3.704249509914482132e+02 1.000000000000000000e+00
-1.282276295772344810e+01 1.316421855475523195e+01 3.699327044347591027e+02 1.000000000000000000e+00
-1.292940196223486282e+01 1.374755194734229136e+01 3.693287189127167380e+02 1.000000000000000000e+00
-1.303236732631898143e+01 1.432460759710033393e+01 3.686140940395036978e+02 1.000000000000000000e+00
-1.313158620164757906e+01 1.489489435049825872e+01 3.677901238887748150e+02 1.000000000000000000e+00
-1.322699317763574278e+01 1.545793748001508483e+01 3.668582911880404822e+02 1.000000000000000000e+00
-1.331853039700702901e+01 1.601327994035617763e+01 3.658202607275549099e+02 1.000000000000000000e+00
-1.340614763548492228e+01 1.656048352668794976e+01 3.646778720377083118e+02 1.000000000000000000e+00
-1.348980234573728865e+01 1.709912992928946451e+01 3.634331313940857058e+02 1.000000000000000000e+00
-1.356945966599743336e+01 1.762882168000716732e+01 3.620882032137317310e+02 1.000000000000000000e+00
-1.364509239407152918e+01 1.814918298691302567e+01 3.606454009097752760e+02 1.000000000000000000e+00
-1.371668092771195013e+01 1.865986045459080600e+01 3.591071772743359247e+02 1.000000000000000000e+00
-1.378421317258742995e+01 1.916052368849506138e+01 3.574761144615925446e+02 1.000000000000000000e+00
-1.384768441931138483e+01 1.965086578283233365e+01 3.557549136440178472e+02 1.000000000000000000e+00
-1.390899914845677898e+01 2.013350569565216475e+01 3.539974088939801504e+02 1.000000000000000000e+00
-1.397281059312785167e+01 2.061557006333974584e+01 3.523284455257674495e+02 1.000000000000000000e+00
-1.403933363816717872e+01 2.109769307252504333e+01 3.507513351041440046e+02 1.000000000000000000e+00
-1.410857520026713985e+01 2.158018685297452066e+01 3.492638257924846243e+02 1.000000000000000000e+00
-1.418054559094835554e+01 2.206335860564887597e+01 3.478638206129454034e+02 1.000000000000000000e+00
-1.425525846726825918e+01 2.254751136585100824e+01 3.465493696868248321e+02 1.000000000000000000e+00
-1.433273079447210030e+01 2.303294473429901501e+01 3.453186631371387421e+02 1.000000000000000000e+00
-1.441298282008801301e+01 2.351995558028708899e+01 3.441700246032380619e+02 1.000000000000000000e+00
-1.449603805905057463e+01 2.400883872080419934e+01 3.431019053225073208e+02 1.000000000000000000e+00
-1.458192328951514760e+01 2.449988757922416482e+01 3.421128787388312276e+02 1.000000000000000000e+00
-1.467066855909773437e+01 2.499339482696304771e+01 3.412016356017507519e+02 1.000000000000000000e+00
-1.476230720134301500e+01 2.548965301131091010e+01 3.403669795240210192e+02 1.000000000000000000e+00
-1.485687586228874757e+01 2.598895517248924847e+01 3.396078229687780095e+02 1.000000000000000000e+00
-1.495441453705648271e+01 2.649159545285353090e+01 3.389231836406567595e+02 1.000000000000000000e+00
-1.505496661645899970e+01 2.699786970105584061e+01 3.383121812581087511e+02 1.000000000000000000e+00
-1.515857894367375103e+01 2.750807607390002119e+01 3.377740346868127403e+02 1.000000000000000000e+00
-1.526530188108957731e+01 2.802251563856324879e+01 3.373080594165373896e+02 1.000000000000000000e+00
-1.537518938749175845e+01 2.854149297781767558e+01 3.369136653660719958e+02 1.000000000000000000e+00
-1.548829910580863611e+01 2.906531680086959213e+01 3.365903550029812550e+02 1.000000000000000000e+00
-1.560469246170221247e+01 2.959430056243425966e+01 3.363377217669251991e+02 1.000000000000000000e+00
-1.572443477334493167e+01 3.012876309268596486e+01 3.361554487871687229e+02 1.000000000000000000e+00
-1.584759537278783625e+01 3.066902924076436321e+01 3.360433078867031895e+02 1.000000000000000000e+00
-1.597424773938935161e+01 3.121543053457815020e+01 3.360011588671226264e+02 1.000000000000000000e+00
-1.610446964584269125e+01 3.176830585972898646e+01 3.360289490700658916e+02 1.000000000000000000e+00
-1.623834331741032599e+01 3.232800216047854036e+01 3.361267132126568526e+02 1.000000000000000000e+00
-1.637595560505106107e+01 3.289487516580654614e+01 3.362945734959858441e+02 1.000000000000000000e+00
-1.651739817320520842e+01 3.346929014375239575e+01 3.365327399872651313e+02 1.000000000000000000e+00
-1.666276770309098154e+01 3.405162268740355813e+01 3.368415112778922662e+02 1.000000000000000000e+00
-1.681216611245787718e+01 3.464225953608877973e+01 3.372212754212673076e+02 1.000000000000000000e+00
-1.696570079284443722e+01 3.524159943555950747e+01 3.376725111558888557e+02 1.000000000000000000e+00
-1.712348486549687010e+01 3.585005404119395678e+01 3.381957894209363076e+02 1.000000000000000000e+00
-1.728563745722451372e+01 3.646804886854597072e+01 3.387917751733435239e+02 1.000000000000000000e+00
-1.745228399759760407e+01 3.709602429588159112e+01 3.394612295172242398e+02 1.000000000000000000e+00
-1.762355653903602715e+01 3.773443662370769403e+01 3.402050121584826456e+02 1.000000000000000000e+00
-1.779959410149247390e+01 3.838375919669958591e+01 3.410240841995320693e+02 1.000000000000000000e+00
-1.798054304360653433e+01 3.904448359388803169e+01 3.419195112912968852e+02 1.000000000000000000e+00
-1.816655746239375091e+01 3.971712089346871721e+01 3.428924671620724780e+02 1.000000000000000000e+00
-1.835779962374311225e+01 4.040220301916160395e+01 3.439442375454419789e+02 1.000000000000000000e+00
-1.855444042622702483e+01 4.110028417567662729e+01 3.450762245322820263e+02 1.000000000000000000e+00
-1.875665990098283231e+01 4.181194238154391485e+01 3.462899513749926541e+02 1.000000000000000000e+00
-1.896464775070908360e+01 4.253778110835221327e+01 3.475870677754854796e+02 1.000000000000000000e+00
-1.917860393113428685e+01 4.327843103631538213e+01 3.489693556922061362e+02 1.000000000000000000e+00
-1.939873927866728920e+01 4.403455193706863469e+01 3.504387357055936718e+02 1.000000000000000000e+00
-1.962527618832921661e+01 4.480683469569336097e+01 3.519972739859528019e+02 1.000000000000000000e+00
-1.985844934650413407e+01 4.559600348520045543e+01 3.536471899127840288e+02 1.000000000000000000e+00
-2.009850652353473066e+01 4.640281810808134821e+01 3.553908644002731876e+02 1.000000000000000000e+00
-2.034570943173651614e+01 4.722807652108647858e+01 3.572308489899332926e+02 1.000000000000000000e+00
-2.060033465501931005e+01 4.807261756113283724e+01 3.591698757784481018e+02 1.000000000000000000e+00
-2.086267465699636858e+01 4.893732389220392065e+01 3.612108682566620814e+02 1.000000000000000000e+00
-2.113303887523850122e+01 4.982312519531723183e+01 3.633569531445346001e+02 1.000000000000000000e+00
