-4.366138288769052167e+01 -5.521071794890226414e+01 3.401605880679034044e+02 1.000000000000000000e+00
-4.365466424582755423e+01 -5.483324039337005473e+01 3.401891932184300913e+02 1.000000000000000000e+00
-4.364757179219470373e+01 -5.445565860181496021e+01 3.402175486266979760e+02 1.000000000000000000e+00
-4.364010544923163337e+01 -5.407797339576904250e+01 3.402456541665994223e+02 1.000000000000000000e+00
-4.363226514103119058e+01 -5.370018559750152320e+01 3.402735097131076714e+02 1.000000000000000000e+00
-4.362405079334030233e+01 -5.332229603001272267e+01 3.403011151422770126e+02 1.000000000000000000e+00
-4.361546233356153124e+01 -5.294430551702834720e+01 3.403284703312447164e+02 1.000000000000000000e+00
-4.360649969075404897e+01 -5.256621488299360578e+01 3.403555751582318862e+02 1.000000000000000000e+00
-4.359716279563506447e+01 -5.218802495306726996e+01 3.403824295025457332e+02 1.000000000000000000e+00
-4.358745158058068370e+01 -5.180973655311571946e+01 3.404090332445793479e+02 1.000000000000000000e+00
-4.357736597962745861e+01 -5.143135050970726496e+01 3.404353862658148842e+02 1.000000000000000000e+00
-4.356690592847323273e+01 -5.105286765010603744e+01 3.404614884488240136e+02 1.000000000000000000e+00
-4.355607136447827088e+01 -5.067428880226602672e+01 3.404873396772677552e+02 1.000000000000000000e+00
-4.354486222666663764e+01 -5.029561479482536868e+01 3.405129398359011930e+02 1.000000000000000000e+00
-4.353327845572701449e+01 -4.991684645710022750e+01 3.405382888105714301e+02 1.000000000000000000e+00
-4.352131999401383666e+01 -4.953798461907882000e+01 3.405633864882204875e+02 1.000000000000000000e+00
-4.350898678554846555e+01 -4.915903011141561763e+01 3.405882327568865549e+02 1.000000000000000000e+00
-4.349627877601996317e+01 -4.877998376542509362e+01 3.406128275057041037e+02 1.000000000000000000e+00
-4.348319591278648488e+01 -4.840084641307614532e+01 3.406371706249072986e+02 1.000000000000000000e+00
-4.346973814487588328e+01 -4.802161888698558556e+01 3.406612620058285188e+02 1.000000000000000000e+00
-4.345590542298694459e+01 -4.764230202041262174e+01 3.406851015409017123e+02 1.000000000000000000e+00
-4.344169769949032656e+01 -4.726289664725251072e+01 3.407086891236625661e+02 1.000000000000000000e+00
-4.342711492842926191e+01 -4.688340360203068258e+01 3.407320246487495297e+02 1.000000000000000000e+00
-4.341215706552088704e+01 -4.650382371989660868e+01 3.407551080119061453e+02 1.000000000000000000e+00
-4.339682406815675364e+01 -4.612415783661788282e+01 3.407779391099807071e+02 1.000000000000000000e+00
-4.338111589540400814e+01 -4.574440678857414611e+01 3.408005178409285350e+02 1.000000000000000000e+00
-4.336503250800604548e+01 -4.536457141275081995e+01 3.408228441038124288e+02 1.000000000000000000e+00
-4.334857386838349669e+01 -4.498465254673327962e+01 3.408449177988042607e+02 1.000000000000000000e+00
-4.333173994063501056e+01 -4.460465102870075782e+01 3.408667388271860546e+02 1.000000000000000000e+00
-4.331453069053806360e+01 -4.422456769742004212e+01 3.408883070913506685e+02 1.000000000000000000e+00
-4.329694608554979851e+01 -4.384440339223958460e+01 3.409096224948031590e+02 1.000000000000000000e+00
-4.327898609480765657e+01 -4.346415895308323485e+01 3.409306849421614061e+02 1.000000000000000000e+00
-4.326065068913039369e+01 -4.308383522044437797e+01 3.409514943391590123e+02 1.000000000000000000e+00
-4.324193984101854227e+01 -4.270343303537944735e+01 3.409720505926431429e+02 1.000000000000000000e+00
-4.322285352465531361e+01 -4.232295323950208399e+01 3.409923536105786752e+02 1.000000000000000000e+00
-4.320339171590716631e+01 -4.194239667497678425e+01 3.410124033020469483e+02 1.000000000000000000e+00
-4.318355439232470161e+01 -4.156176418451303789e+01 3.410321995772491164e+02 1.000000000000000000e+00
-4.316334153314308253e+01 -4.118105661135880524e+01 3.410517423475045575e+02 1.000000000000000000e+00
-4.314275311928272316e+01 -4.080027479929455581e+01 3.410710315252533746e+02 1.000000000000000000e+00
-4.312178913335013419e+01 -4.041941959262707229e+01 3.410900670240569639e+02 1.000000000000000000e+00
-4.310044955963824265e+01 -4.003849183618326890e+01 3.411088487585996063e+02 1.000000000000000000e+00
-4.307873438412718059e+01 -3.965749237530398830e+01 3.411273766446888658e+02 1.000000000000000000e+00
-4.305664359448471856e+01 -3.927642205583770618e+01 3.411456505992557595e+02 1.000000000000000000e+00
-4.303417718006699744e+01 -3.889528172413456275e+01 3.411636705403577139e+02 1.000000000000000000e+00
-4.301133513191877711e+01 -3.851407222703984701e+01 3.411814363871774844e+02 1.000000000000000000e+00
-4.298811744277421809e+01 -3.813279441188797136e+01 3.411989480600249180e+02 1.000000000000000000e+00
-4.296452410705725100e+01 -3.775144912649620466e+01 3.412162054803378055e+02 1.000000000000000000e+00
-4.294055512088214499e+01 -3.737003721915842647e+01 3.412332085706831890e+02 1.000000000000000000e+00
-4.291621048205370670e+01 -3.698855953863882462e+01 3.412499572547570210e+02 1.000000000000000000e+00
-4.289149019006813290e+01 -3.660701693416576319e+01 3.412664514573864949e+02 1.000000000000000000e+00
-4.286639943177343781e+01 -3.622541112238725702e+01 3.412826992722520458e+02 1.000000000000000000e+00
-4.284105228548354916e+01 -3.584376179926273664e+01 3.412988803355822256e+02 1.000000000000000000e+00
-4.281549539434205798e+01 -3.546207682669826511e+01 3.413150681515990641e+02 1.000000000000000000e+00
-4.278972872733070432e+01 -3.508035618211389561e+01 3.413312627220065565e+02 1.000000000000000000e+00
-4.276375225340602526e+01 -3.469859984292201460e+01 3.413474640485080727e+02 1.000000000000000000e+00
-4.273756594149953969e+01 -3.431680778652756914e+01 3.413636721328095405e+02 1.000000000000000000e+00
-4.271116976051751379e+01 -3.393497999032795320e+01 3.413798869766173425e+02 1.000000000000000000e+00
-4.268456367934107476e+01 -3.355311643171284430e+01 3.413961085816381456e+02 1.000000000000000000e+00
-4.265774766682622499e+01 -3.317121708806451608e+01 3.414123369495804923e+02 1.000000000000000000e+00
-4.263072169180369286e+01 -3.278928193675752567e+01 3.414285720821531527e+02 1.000000000000000000e+00
-4.260348572307906778e+01 -3.240731095515887716e+01 3.414448139810661473e+02 1.000000000000000000e+00
-4.257603972943275039e+01 -3.202530412062802156e+01 3.414610626480305768e+02 1.000000000000000000e+00
-4.254838367961985313e+01 -3.164326141051675378e+01 3.414773180847583944e+02 1.000000000000000000e+00
-4.252051754237034231e+01 -3.126118280216930145e+01 3.414935802929619513e+02 1.000000000000000000e+00
-4.249244128638888185e+01 -3.087906827292227874e+01 3.415098492743554175e+02 1.000000000000000000e+00
-4.246415488035493979e+01 -3.049691780010465791e+01 3.415261250306535317e+02 1.000000000000000000e+00
-4.243565829292267466e+01 -3.011473136103781911e+01 3.415424075635720556e+02 1.000000000000000000e+00
-4.240695149272099940e+01 -2.973250893303551123e+01 3.415586968748274899e+02 1.000000000000000000e+00
-4.237803444835353162e+01 -2.935025049340384840e+01 3.415749929661374722e+02 1.000000000000000000e+00
-4.234890712839862204e+01 -2.896795601944128151e+01 3.415912958392203223e+02 1.000000000000000000e+00
-4.231956950140930473e+01 -2.858562548843865514e+01 3.416076054957958377e+02 1.000000000000000000e+00
-4.229002153591327584e+01 -2.820325887767918616e+01 3.416239219375842140e+02 1.000000000000000000e+00
-4.226026320041293616e+01 -2.782085616443837850e+01 3.416402451663072384e+02 1.000000000000000000e+00
-4.223029446338533432e+01 -2.743841732598411198e+01 3.416565751836866411e+02 1.000000000000000000e+00
-4.220011529328217392e+01 -2.705594233957659611e+01 3.416729119914461421e+02 1.000000000000000000e+00
-4.216972565852984189e+01 -2.667343118246840916e+01 3.416892555913100296e+02 1.000000000000000000e+00
-4.213912552752923801e+01 -2.629088383190437384e+01 3.417056059850031602e+02 1.000000000000000000e+00
-4.210831486865605910e+01 -2.590830026512171003e+01 3.417219631742521528e+02 1.000000000000000000e+00
-4.207729365026040114e+01 -2.552568045934991403e+01 3.417383271607834558e+02 1.000000000000000000e+00
-4.204606184066717844e+01 -2.514302439181080118e+01 3.417546979463258481e+02 1.000000000000000000e+00
-4.201461940817576846e+01 -2.476033203971853425e+01 3.417710755326079379e+02 1.000000000000000000e+00
-4.198296632106007564e+01 -2.437760338027947427e+01 3.417874599213595843e+02 1.000000000000000000e+00
-4.195110254756870205e+01 -2.399483839069237945e+01 3.418038511143120672e+02 1.000000000000000000e+00
-4.191902805592471992e+01 -2.361203704814827020e+01 3.418202491131975194e+02 1.000000000000000000e+00
-4.188674281432576407e+01 -2.322919932983037583e+01 3.418366539197480165e+02 1.000000000000000000e+00
-4.185424679094398215e+01 -2.284632521291432639e+01 3.418530655356977945e+02 1.000000000000000000e+00
-4.182153995392608437e+01 -2.246341467456792884e+01 3.418694839627816577e+02 1.000000000000000000e+00
-4.178862227139329377e+01 -2.208046769195129855e+01 3.418859092027352062e+02 1.000000000000000000e+00
-4.175549371144126098e+01 -2.169748424221681304e+01 3.419023412572952338e+02 1.000000000000000000e+00
-4.172215424214021340e+01 -2.131446430250907298e+01 3.419187801281992733e+02 1.000000000000000000e+00
-4.168860383153479177e+01 -2.093140784996499093e+01 3.419352258171859376e+02 1.000000000000000000e+00
-4.165484244764414257e+01 -2.054831486171367771e+01 3.419516783259947488e+02 1.000000000000000000e+00
-4.162087005846183985e+01 -2.016518531487650989e+01 3.419681376563663662e+02 1.000000000000000000e+00
-4.158668663195594206e+01 -1.978201918656707292e+01 3.419846038100423016e+02 1.000000000000000000e+00
-4.155229213606887839e+01 -1.939881645389120024e+01 3.420010767887648626e+02 1.000000000000000000e+00
-4.151768653871756953e+01 -1.901557709394696261e+01 3.420175565942774938e+02 1.000000000000000000e+00
-4.148286980779330690e+01 -1.863230108382461836e+01 3.420340432283246628e+02 1.000000000000000000e+00
-4.144784191116180239e+01 -1.824898840060667737e+01 3.420505366926516331e+02 1.000000000000000000e+00
-4.141260281666311727e+01 -1.786563902136783000e+01 3.420670369890048619e+02 1.000000000000000000e+00
-4.137715249211173330e+01 -1.748225292317494706e+01 3.420835441191313748e+02 1.000000000000000000e+00
-4.134149205181788034e+01 -1.709883123054111920e+01 3.421000810421432448e+02 1.000000000000000000e+00
-4.130562832151002794e+01 -1.671538057413831524e+01 3.421167855240406084e+02 1.000000000000000000e+00
-4.126956236101892728e+01 -1.633190148775808481e+01 3.421336805755541377e+02 1.000000000000000000e+00
-4.123329408062870982e+01 -1.594839333184444996e+01 3.421507662529102731e+02 1.000000000000000000e+00
-4.119682338993523274e+01 -1.556485546661803099e+01 3.421680426129784109e+02 1.000000000000000000e+00
-4.116015019784533280e+01 -1.518128725207249019e+01 3.421855097132700507e+02 1.000000000000000000e+00
-4.112327441257637162e+01 -1.479768804797091164e+01 3.422031676119419785e+02 1.000000000000000000e+00
-4.108619594165533329e+01 -1.441405721384222360e+01 3.422210163677942774e+02 1.000000000000000000e+00
-4.104891469191827014e+01 -1.403039410897761918e+01 3.422390560402724304e+02 1.000000000000000000e+00
-4.101143056950952825e+01 -1.364669809242688103e+01 3.422572866894666959e+02 1.000000000000000000e+00
-4.097374347988102983e+01 -1.326296852299486240e+01 3.422757083761131867e+02 1.000000000000000000e+00
-4.093585332779178998e+01 -1.287920475923787578e+01 3.422943211615951213e+02 1.000000000000000000e+00
-4.089776001730682964e+01 -1.249540615945997146e+01 3.423131251079412891e+02 1.000000000000000000e+00
-4.085946345179672079e+01 -1.211157208170944699e+01 3.423321202778286647e+02 1.000000000000000000e+00
-4.082096353393688304e+01 -1.172770188377518963e+01 3.423513067345817831e+02 1.000000000000000000e+00
-4.078226016570665990e+01 -1.134379492318303662e+01 3.423706845421734783e+02 1.000000000000000000e+00
-4.074335324838868644e+01 -1.095985055719216739e+01 3.423902537652255660e+02 1.000000000000000000e+00
-4.070424268256827816e+01 -1.057586814279149223e+01 3.424100144690097522e+02 1.000000000000000000e+00
-4.066492836813237233e+01 -1.019184703669593084e+01 3.424299667194465542e+02 1.000000000000000000e+00
-4.062541020426910876e+01 -9.807786595342941283e+00 3.424501105831086534e+02 1.000000000000000000e+00
-4.058568808946682793e+01 -9.423686174888750600e+00 3.424704461272185085e+02 1.000000000000000000e+00
-4.054576192151341019e+01 -9.039545131204718587e+00 3.424909734196510271e+02 1.000000000000000000e+00
-4.050563159749550124e+01 -8.655362819873785085e+00 3.425116925289329401e+02 1.000000000000000000e+00
-4.046529701379768085e+01 -8.271138596186689895e+00 3.425326035242442799e+02 1.000000000000000000e+00
-4.042475806610172384e+01 -7.886871815138450259e+00 3.425537064754176413e+02 1.000000000000000000e+00
-4.038401464938576879e+01 -7.502561831424625183e+00 3.425750014529400573e+02 1.000000000000000000e+00
-4.034306665792363589e+01 -7.118207999437652589e+00 3.425964885279535679e+02 1.000000000000000000e+00
-4.030191398528384639e+01 -6.733809673263231765e+00 3.426181677722549352e+02 1.000000000000000000e+00
-4.026055652432893339e+01 -6.349366206676601010e+00 3.426400392582966106e+02 1.000000000000000000e+00
-4.021899416721460341e+01 -5.964876953138933402e+00 3.426621030591879276e+02 1.000000000000000000e+00
-4.017722680538886237e+01 -5.580341265793569150e+00 3.426843592486943635e+02 1.000000000000000000e+00
-4.013525432959127670e+01 -5.195758497462444225e+00 3.427068079012396424e+02 1.000000000000000000e+00
-4.009307662985211351e+01 -4.811128000642292513e+00 3.427294490919060763e+02 1.000000000000000000e+00
-4.005069359549131747e+01 -4.426449127501014935e+00 3.427522828964332575e+02 1.000000000000000000e+00
-4.000810511511807732e+01 -4.041721229874040588e+00 3.427753093912225495e+02 1.000000000000000000e+00
-3.996531107662952564e+01 -3.656943659260516899e+00 3.427985286533339604e+02 1.000000000000000000e+00
-3.992231136721014195e+01 -3.272115766819676530e+00 3.428219407604882463e+02 1.000000000000000000e+00
-3.987910587333082901e+01 -2.887236903367128793e+00 3.428455457910686732e+02 1.000000000000000000e+00
-3.983569448074796782e+01 -2.502306419371116863e+00 3.428693438241195395e+02 1.000000000000000000e+00
-3.979207707450267151e+01 -2.117323664948862483e+00 3.428933349393480512e+02 1.000000000000000000e+00
-3.974825353891984037e+01 -1.732287989862787425e+00 3.429175192171259710e+02 1.000000000000000000e+00
-3.970422375760714573e+01 -1.347198743516807129e+00 3.429418967384876282e+02 1.000000000000000000e+00
-3.965998761345439050e+01 -9.620552749526205538e-01 3.429664675851333300e+02 1.000000000000000000e+00
-3.961554498863236518e+01 -5.768569328459502987e-01 3.429912318394281669e+02 1.000000000000000000e+00
-3.957089576459208757e+01 -1.916030655028543028e-01 3.430161895844038895e+02 1.000000000000000000e+00
-3.952603982206382227e+01 1.937069791440821920e-01 3.430413409037588508e+02 1.000000000000000000e+00
-3.948097704105620664e+01 5.790738535394513997e-01 3.430666858818596552e+02 1.000000000000000000e+00
-3.943570730085514242e+01 9.644982105087817059e-01 3.430922246037399077e+02 1.000000000000000000e+00
-3.939023048002317751e+01 1.349980703262308346e+00 3.431179571551029994e+02 1.000000000000000000e+00
-3.934454645639831938e+01 1.735521985398690958e+00 3.431438836223228463e+02 1.000000000000000000e+00
-3.929866499099083654e+01 2.121121368627822523e+00 3.431697869288718721e+02 1.000000000000000000e+00
-3.925261028363825488e+01 2.506774896837245414e+00 3.431951361401760323e+02 1.000000000000000000e+00
-3.920638362546596056e+01 2.892480497364920744e+00 3.432199068734605021e+02 1.000000000000000000e+00
-3.915998521450556780e+01 3.278236218469423147e+00 3.432440988773892059e+02 1.000000000000000000e+00
-3.911341525059359014e+01 3.664040107342150687e+00 3.432677119064463227e+02 1.000000000000000000e+00
-3.906667393536868360e+01 4.049890210140103086e+00 3.432907457209418567e+02 1.000000000000000000e+00
-3.901976147226875469e+01 4.435784572018712346e+00 3.433132000870167531e+02 1.000000000000000000e+00
-3.897267806652821776e+01 4.821721237164654283e+00 3.433350747766500035e+02 1.000000000000000000e+00
-3.892542392517503913e+01 5.207698248828726229e+00 3.433563695676640464e+02 1.000000000000000000e+00
-3.887799925702783810e+01 5.593713649358769580e+00 3.433770842437309625e+02 1.000000000000000000e+00
-3.883040427269290262e+01 5.979765480232575925e+00 3.433972185943768523e+02 1.000000000000000000e+00
-3.878263918456102743e+01 6.365851782090914845e+00 3.434167724149873493e+02 1.000000000000000000e+00
-3.873470420680468607e+01 6.751970594770531520e+00 3.434357455068143281e+02 1.000000000000000000e+00
-3.868659955537459183e+01 7.138119957337179855e+00 3.434541376769786893e+02 1.000000000000000000e+00
-3.863832544799677038e+01 7.524297908118714240e+00 3.434719487384772378e+02 1.000000000000000000e+00
-3.858988210416926279e+01 7.910502484738167084e+00 3.434891785101862069e+02 1.000000000000000000e+00
-3.854126974515877890e+01 8.296731724146919618e+00 3.435058268168662039e+02 1.000000000000000000e+00
-3.849248859399747857e+01 8.682983662657841606e+00 3.435218934891667573e+02 1.000000000000000000e+00
-3.844353887547961790e+01 9.069256335978483463e+00 3.435373783636305234e+02 1.000000000000000000e+00
-3.839442081615811730e+01 9.455547779244311002e+00 3.435522812826980612e+02 1.000000000000000000e+00
-3.834513464434098040e+01 9.841856027051854028e+00 3.435666020947098787e+02 1.000000000000000000e+00
-3.829568059008807523e+01 1.022817911349208408e+01 3.435803406539129696e+02 1.000000000000000000e+00
-3.824605888520736841e+01 1.061451507218363766e+01 3.435934968204630309e+02 1.000000000000000000e+00
-3.819626976325137235e+01 1.100086193630606957e+01 3.436060704604269063e+02 1.000000000000000000e+00
-3.814631345951364239e+01 1.138721773863328224e+01 3.436180614457893512e+02 1.000000000000000000e+00
-3.809619021102494685e+01 1.177358051156676133e+01 3.436294696544526346e+02 1.000000000000000000e+00
-3.804590025654957230e+01 1.215994828716895704e+01 3.436402949702414844e+02 1.000000000000000000e+00
-3.799544383658169266e+01 1.254631909719669558e+01 3.436505372829067824e+02 1.000000000000000000e+00
-3.794482119334131909e+01 1.293269097313451077e+01 3.436601964881260187e+02 1.000000000000000000e+00
-3.789403257077065490e+01 1.331906194622803419e+01 3.436692724875078966e+02 1.000000000000000000e+00
-3.784307821453011655e+01 1.370543004751751326e+01 3.436777651885948330e+02 1.000000000000000000e+00
-3.779195837199438301e+01 1.409179330787103090e+01 3.436856745048638118e+02 1.000000000000000000e+00
-3.774067329224834566e+01 1.447814975801811954e+01 3.436930003557299074e+02 1.000000000000000000e+00
-3.768922322608320741e+01 1.486449742858310863e+01 3.436997426665478201e+02 1.000000000000000000e+00
-3.763760842599231182e+01 1.525083435011859656e+01 3.437059013686141498e+02 1.000000000000000000e+00
-3.758582914616702197e+01 1.563715855313886749e+01 3.437114763991687028e+02 1.000000000000000000e+00
-3.753388564249261350e+01 1.602346806815337388e+01 3.437164677013962546e+02 1.000000000000000000e+00
-3.748177817254396160e+01 1.640976092570017997e+01 3.437208752244280276e+02 1.000000000000000000e+00
-3.742950699558141281e+01 1.679603515637947098e+01 3.437246989233428280e+02 1.000000000000000000e+00
-3.737707237254642934e+01 1.718228879088692196e+01 3.437279387591686941e+02 1.000000000000000000e+00
-3.732447456605716241e+01 1.756851986004722477e+01 3.437305946988831806e+02 1.000000000000000000e+00
-3.727171384040426005e+01 1.795472639484755106e+01 3.437326667154150073e+02 1.000000000000000000e+00
-3.721879046154626991e+01 1.834090642647095137e+01 3.437341547876436039e+02 1.000000000000000000e+00
-3.716570469710528357e+01 1.872705798632993890e+01 3.437350589004012136e+02 1.000000000000000000e+00
-3.711245681636237492e+01 1.911317910609975712e+01 3.437353790444716992e+02 1.000000000000000000e+00
-3.705904709025294608e+01 1.949926781775192808e+01 3.437351152165912822e+02 1.000000000000000000e+00
-3.700547579136242149e+01 1.988532215358776867e+01 3.437342674194501342e+02 1.000000000000000000e+00
-3.695174319392127416e+01 2.027134014627159431e+01 3.437328356616895348e+02 1.000000000000000000e+00
-3.689784957380054919e+01 2.065731982886433826e+01 3.437308199579035772e+02 1.000000000000000000e+00
-3.684379520850713874e+01 2.104325923485691874e+01 3.437282203286388267e+02 1.000000000000000000e+00
