-3.386386597144596777e+01 -6.626911600366912580e+01 3.489740829042057726e+02 1.000000000000000000e+00
-3.376651768654640051e+01 -6.560885632715422844e+01 3.483999417352637238e+02 1.000000000000000000e+00
-3.367052431122021261e+01 -6.495396127022031862e+01 3.478448000790477863e+02 1.000000000000000000e+00
-3.357586523166798287e+01 -6.430430871317500419e+01 3.473084854398690027e+02 1.000000000000000000e+00
-3.348252035575200836e+01 -6.365977884325565839e+01 3.467908319422018621e+02 1.000000000000000000e+00
-3.339047009914521880e+01 -6.302025407821125214e+01 3.462916801985492157e+02 1.000000000000000000e+00
-3.329969537197816720e+01 -6.238561899221355134e+01 3.458108771832669959e+02 1.000000000000000000e+00
-3.321017756596525317e+01 -6.175576024399735786e+01 3.453482761121555313e+02 1.000000000000000000e+00
-3.312189854199222339e+01 -6.113056650713350848e+01 3.449037363276339647e+02 1.000000000000000000e+00
-3.303484061814771877e+01 -6.050992840234312808e+01 3.444771231893308823e+02 1.000000000000000000e+00
-3.294898655818273170e+01 -5.989373843176477408e+01 3.440683079699265932e+02 1.000000000000000000e+00
-3.286431956038185831e+01 -5.928189091508912156e+01 3.436771677560901139e+02 1.000000000000000000e+00
-3.278082324683192894e+01 -5.867428192748148774e+01 3.433035853543737517e+02 1.000000000000000000e+00
-3.269848165307372057e+01 -5.807080923921257209e+01 3.429474492019214722e+02 1.000000000000000000e+00
-3.261727921812276776e+01 -5.747137225692328144e+01 3.426086532818627006e+02 1.000000000000000000e+00
-3.253720077484682349e+01 -5.687587196645116450e+01 3.422870970432751392e+02 1.000000000000000000e+00
-3.245823154068752814e+01 -5.628421087714981752e+01 3.419826853255971173e+02 1.000000000000000000e+00
-3.238035710871400852e+01 -5.569629296763310577e+01 3.416953282873815283e+02 1.000000000000000000e+00
-3.230356343899796201e+01 -5.511202363288097672e+01 3.414249413392967654e+02 1.000000000000000000e+00
-3.222783685029882150e+01 -5.453130963264471376e+01 3.411714450812738164e+02 1.000000000000000000e+00
-3.215316401204901808e+01 -5.395405904109091466e+01 3.409347652437142528e+02 1.000000000000000000e+00
-3.207953193662961411e+01 -5.338018119762728730e+01 3.407148326326777692e+02 1.000000000000000000e+00
-3.200692797192692041e+01 -5.280958665885402326e+01 3.405115830789718530e+02 1.000000000000000000e+00
-3.193533979416119450e+01 -5.224218715158682613e+01 3.403249573910745767e+02 1.000000000000000000e+00
-3.186475540097896086e+01 -5.167789552689886534e+01 3.401549013118239486e+02 1.000000000000000000e+00
-3.179516310480097019e+01 -5.111662571513185327e+01 3.400013654788156146e+02 1.000000000000000000e+00
-3.172655152641786813e+01 -5.055829268182628766e+01 3.398643053884545679e+02 1.000000000000000000e+00
-3.165890958882658879e+01 -5.000281238452358679e+01 3.397436813636122110e+02 1.000000000000000000e+00
-3.159222651130021120e+01 -4.945010173039376156e+01 3.396394585248428371e+02 1.000000000000000000e+00
-3.152649180368461757e+01 -4.890007853464344123e+01 3.395516067651234948e+02 1.000000000000000000e+00
-3.146169526091598811e+01 -4.835266147966037664e+01 3.394801007280792646e+02 1.000000000000000000e+00
-3.139782695775276977e+01 -4.780777007485193053e+01 3.394249197896691044e+02 1.000000000000000000e+00
-3.133487724371657990e+01 -4.726532461713537714e+01 3.393860480433044700e+02 1.000000000000000000e+00
-3.127283673823644961e+01 -4.672524615203947462e+01 3.393634742883781996e+02 1.000000000000000000e+00
-3.121169632599172061e+01 -4.618745643537732093e+01 3.393571920221951927e+02 1.000000000000000000e+00
-3.115144715244836249e+01 -4.565187789545193908e+01 3.393671994352903312e+02 1.000000000000000000e+00
-3.109208061958397451e+01 -4.511843359575484413e+01 3.393934994101222173e+02 1.000000000000000000e+00
-3.103358838179768142e+01 -4.458704719812158146e+01 3.394360995231504603e+02 1.000000000000000000e+00
-3.097596234200050702e+01 -4.405764292630619394e+01 3.394950120502938944e+02 1.000000000000000000e+00
-3.091919464788213290e+01 -4.353014552993813879e+01 3.395702539757761542e+02 1.000000000000000000e+00
-3.086327768835112195e+01 -4.300448024882621922e+01 3.396618470043747493e+02 1.000000000000000000e+00
-3.080820409014441452e+01 -4.248057277757312988e+01 3.397698175770842113e+02 1.000000000000000000e+00
-3.075396671460361731e+01 -4.195834923046601972e+01 3.398941968902220765e+02 1.000000000000000000e+00
-3.070055865461460698e+01 -4.143773610660766593e+01 3.400350209179950980e+02 1.000000000000000000e+00
-3.064797323170829557e+01 -4.091866025525411743e+01 3.401923304385639426e+02 1.000000000000000000e+00
-3.059620399331939566e+01 -4.040104884132369278e+01 3.403661710636355906e+02 1.000000000000000000e+00
-3.054524471020137355e+01 -3.988482931104320528e+01 3.405565932716278894e+02 1.000000000000000000e+00
-3.049508937399518871e+01 -3.936992935769712432e+01 3.407636524444478141e+02 1.000000000000000000e+00
-3.044573219495012140e+01 -3.885627688744537522e+01 3.409874089079367536e+02 1.000000000000000000e+00
-3.039716759979497240e+01 -3.834379998517547961e+01 3.412279279760396093e+02 1.000000000000000000e+00
-3.034931940007346540e+01 -3.783234551930392087e+01 3.414845456128472847e+02 1.000000000000000000e+00
-3.030062539457322757e+01 -3.732007781677727110e+01 3.417411522136806639e+02 1.000000000000000000e+00
-3.025044733784226736e+01 -3.680628337192607091e+01 3.419911176465780613e+02 1.000000000000000000e+00
-3.019878506630907822e+01 -3.629099052583936214e+01 3.422344119089501646e+02 1.000000000000000000e+00
-3.014563859916524180e+01 -3.577422788646322971e+01 3.424710057351355772e+02 1.000000000000000000e+00
-3.009100813901245530e+01 -3.525602432366105177e+01 3.427008706050518185e+02 1.000000000000000000e+00
-3.003489407245568188e+01 -3.473640896417188628e+01 3.429239787526524310e+02 1.000000000000000000e+00
-2.997729697064167809e+01 -3.421541118646872803e+01 3.431403031741833729e+02 1.000000000000000000e+00
-2.991821758974268164e+01 -3.369306061551866804e+01 3.433498176362402887e+02 1.000000000000000000e+00
-2.985765687138456315e+01 -3.316938711744621315e+01 3.435524966836143790e+02 1.000000000000000000e+00
-2.979561594301923932e+01 -3.264442079410235209e+01 3.437483156469286314e+02 1.000000000000000000e+00
-2.973209611824069398e+01 -3.211819197754066835e+01 3.439372506500575355e+02 1.000000000000000000e+00
-2.966709889704456060e+01 -3.159073122440299741e+01 3.441192786173265290e+02 1.000000000000000000e+00
-2.960062596603056662e+01 -3.106206931021644024e+01 3.442943772804879927e+02 1.000000000000000000e+00
-2.953267919854777190e+01 -3.053223722360388948e+01 3.444625251854673706e+02 1.000000000000000000e+00
-2.946326065478227818e+01 -3.000126616041053751e+01 3.446237016988799837e+02 1.000000000000000000e+00
-2.939237258178713930e+01 -2.946918751774810019e+01 3.447778870143103518e+02 1.000000000000000000e+00
-2.932001741345415269e+01 -2.893603288795948103e+01 3.449250621583525458e+02 1.000000000000000000e+00
-2.924619777042775581e+01 -2.840183405250646587e+01 3.450652089964108313e+02 1.000000000000000000e+00
-2.917091645996026372e+01 -2.786662297578183711e+01 3.451983102382499169e+02 1.000000000000000000e+00
-2.909417647570895227e+01 -2.733043179884986529e+01 3.453243494433014007e+02 1.000000000000000000e+00
-2.901598099747433324e+01 -2.679329283311619747e+01 3.454433110257131148e+02 1.000000000000000000e+00
-2.893633339088021827e+01 -2.625523855393101158e+01 3.455551802591490400e+02 1.000000000000000000e+00
-2.885523720699486816e+01 -2.571630159412707073e+01 3.456599432813271733e+02 1.000000000000000000e+00
-2.877269618189387401e+01 -2.517651473749596036e+01 3.457575870982998367e+02 1.000000000000000000e+00
-2.868871423616445071e+01 -2.463591091220487073e+01 3.458480995884706886e+02 1.000000000000000000e+00
-2.860329547435119579e+01 -2.409452318415689831e+01 3.459314695063469571e+02 1.000000000000000000e+00
-2.851644418434385031e+01 -2.355238475029739575e+01 3.460076864860235446e+02 1.000000000000000000e+00
-2.842816483670670280e+01 -2.300952893186960679e+01 3.460767410444005350e+02 1.000000000000000000e+00
-2.833846208395024391e+01 -2.246598916762185283e+01 3.461386245841266032e+02 1.000000000000000000e+00
-2.824734075974512848e+01 -2.192179900696980255e+01 3.461933293962728726e+02 1.000000000000000000e+00
-2.815480587807850199e+01 -2.137699210311624398e+01 3.462408486627297179e+02 1.000000000000000000e+00
-2.806086263235355460e+01 -2.083160220613162394e+01 3.462811764583306626e+02 1.000000000000000000e+00
-2.796551639443198667e+01 -2.028566315599815795e+01 3.463143077526976867e+02 1.000000000000000000e+00
-2.786877271362016373e+01 -1.973920887562058724e+01 3.463402384118082864e+02 1.000000000000000000e+00
-2.777063731559923809e+01 -1.919227336380665250e+01 3.463589651992859899e+02 1.000000000000000000e+00
-2.767111610129965626e+01 -1.864489068822024365e+01 3.463704857774092716e+02 1.000000000000000000e+00
-2.757021514572050336e+01 -1.809709497831032365e+01 3.463747987078415349e+02 1.000000000000000000e+00
-2.746794069669426719e+01 -1.754892041821872439e+01 3.463719034520788114e+02 1.000000000000000000e+00
-2.736429917359735242e+01 -1.700040123966988403e+01 3.463618003716191538e+02 1.000000000000000000e+00
-2.725929716600720454e+01 -1.645157171484566305e+01 3.463444907278489495e+02 1.000000000000000000e+00
-2.715294143230631008e+01 -1.590246614924839008e+01 3.463199766816496776e+02 1.000000000000000000e+00
-2.704523889823394711e+01 -1.535311887455504554e+01 3.462882612927237460e+02 1.000000000000000000e+00
-2.693619665538622954e+01 -1.480356424146601313e+01 3.462493485186391240e+02 1.000000000000000000e+00
-2.682582195966509175e+01 -1.425383661255135870e+01 3.462032432135964086e+02 1.000000000000000000e+00
-2.671412222967687100e+01 -1.370397035509767214e+01 3.461499511269140612e+02 1.000000000000000000e+00
-2.660110504508165974e+01 -1.315399983395885819e+01 3.460894789012385786e+02 1.000000000000000000e+00
-2.648677814489348847e+01 -1.260395940441372709e+01 3.460218340704759612e+02 1.000000000000000000e+00
-2.637114942573256471e+01 -1.205388340503365541e+01 3.459470250574466945e+02 1.000000000000000000e+00
-2.625422694003058055e+01 -1.150380615056340439e+01 3.458650611712682235e+02 1.000000000000000000e+00
-2.613613842821489897e+01 -1.095380197081835227e+01 3.457772167312541569e+02 1.000000000000000000e+00
-2.601760525446450956e+01 -1.040412720631795551e+01 3.456910815709159124e+02 1.000000000000000000e+00
-2.589874464706549162e+01 -9.854809682555680794e+00 3.456079160583456655e+02 1.000000000000000000e+00
-2.577955382328145362e+01 -9.305835189363449444e+00 3.455277159383858816e+02 1.000000000000000000e+00
-2.566002998623461195e+01 -8.757189547422706610e+00 3.454504771105052328e+02 1.000000000000000000e+00
-2.554017032468549075e+01 -8.208858607028609811e+00 3.453761956282720575e+02 1.000000000000000000e+00
-2.541997201281106200e+01 -7.660828246859825441e+00 3.453048676988488523e+02 1.000000000000000000e+00
-2.529943220998152853e+01 -7.113084372753429641e+00 3.452364896825058054e+02 1.000000000000000000e+00
-2.517854806053513173e+01 -6.565612916484769634e+00 3.451710580921554765e+02 1.000000000000000000e+00
-2.505731669355176905e+01 -6.018399834552216277e+00 3.451085695929061217e+02 1.000000000000000000e+00
-2.493573522262451192e+01 -5.471431106966366364e+00 3.450490210016355377e+02 1.000000000000000000e+00
-2.481380074562984106e+01 -4.924692736043597918e+00 3.449924092865857688e+02 1.000000000000000000e+00
-2.469151034449570403e+01 -4.378170745203756375e+00 3.449387315669760596e+02 1.000000000000000000e+00
-2.456886108496809129e+01 -3.831851177771669725e+00 3.448879851126336007e+02 1.000000000000000000e+00
-2.444585001637570443e+01 -3.285720095782449057e+00 3.448401673436482611e+02 1.000000000000000000e+00
-2.432247417139272017e+01 -2.739763578790124665e+00 3.447952758300427831e+02 1.000000000000000000e+00
-2.419873056579966430e+01 -2.193967722679557308e+00 3.447533082914640659e+02 1.000000000000000000e+00
-2.407461619824229260e+01 -1.648318638481418130e+00 3.447142625968929792e+02 1.000000000000000000e+00
-2.395012804998860645e+01 -1.102802451189939026e+00 3.446781367643731642e+02 1.000000000000000000e+00
-2.382526308468374410e+01 -5.574052985833073404e-01 3.446449289607601258e+02 1.000000000000000000e+00
-2.370001824810280056e+01 -1.211333004640592452e-02 3.446146375014880618e+02 1.000000000000000000e+00
-2.357439046790159409e+01 5.330872946042723992e-01 3.445872608503556194e+02 1.000000000000000000e+00
-2.344837665336512700e+01 1.078210406293691914e+00 3.445627976193317750e+02 1.000000000000000000e+00
-2.332197369515409235e+01 1.623269827859569858e+00 3.445412465683785967e+02 1.000000000000000000e+00
-2.319517846504889036e+01 2.168279375222237348e+00 3.445226066052964597e+02 1.000000000000000000e+00
-2.306798781569156276e+01 2.713252858552980484e+00 3.445068767855823353e+02 1.000000000000000000e+00
-2.294039858032515156e+01 3.258204083441374355e+00 3.444940563123128072e+02 1.000000000000000000e+00
-2.281240757253105045e+01 3.803146852061717098e+00 3.444841445360419243e+02 1.000000000000000000e+00
-2.268401158596341105e+01 4.348094964338538482e+00 3.444771409547194594e+02 1.000000000000000000e+00
-2.255520739408159159e+01 4.893062219111839362e+00 3.444730452136260510e+02 1.000000000000000000e+00
-2.242599174987983446e+01 5.438062415301847530e+00 3.444718571053295477e+02 1.000000000000000000e+00
-2.229636138561436809e+01 5.983109353073754910e+00 3.444735765696592580e+02 1.000000000000000000e+00
-2.216631301252794373e+01 6.528216835002598195e+00 3.444782036936967984e+02 1.000000000000000000e+00
-2.203584332057173611e+01 7.073398667238276261e+00 3.444857387117883718e+02 1.000000000000000000e+00
-2.190494897812441977e+01 7.618668660671254145e+00 3.444961820055725070e+02 1.000000000000000000e+00
-2.177362663170881873e+01 8.164040632098988226e+00 3.445095341040317294e+02 1.000000000000000000e+00
-2.164187290570510669e+01 8.709528405393125894e+00 3.445257956835564528e+02 1.000000000000000000e+00
-2.150968440206186116e+01 9.255145812668050809e+00 3.445449675680316091e+02 1.000000000000000000e+00
-2.137705770000370364e+01 9.800906695450576578e+00 3.445670507289417515e+02 1.000000000000000000e+00
-2.124398935573623959e+01 1.034682490585132975e+01 3.445920462854934954e+02 1.000000000000000000e+00
-2.111047590214777259e+01 1.089291430773788960e+01 3.446199555047575700e+02 1.000000000000000000e+00
-2.097651384850812661e+01 1.143918877790974875e+01 3.446507798018292874e+02 1.000000000000000000e+00
-2.084209968016421755e+01 1.198566220727569487e+01 3.446845207400078834e+02 1.000000000000000000e+00
-2.070722985823253381e+01 1.253234850203337736e+01 3.447211800309956971e+02 1.000000000000000000e+00
-2.057190081928818870e+01 1.307926158485152257e+01 3.447607595351141754e+02 1.000000000000000000e+00
-2.043610897505099544e+01 1.362641539605505692e+01 3.448032612615410244e+02 1.000000000000000000e+00
-2.029985071206782621e+01 1.417382389481312721e+01 3.448486873685654359e+02 1.000000000000000000e+00
-2.016312239139178075e+01 1.472150106033046058e+01 3.448970401638616750e+02 1.000000000000000000e+00
-2.002592034825782008e+01 1.526946089304210652e+01 3.449483221047835286e+02 1.000000000000000000e+00
-1.988824089175485810e+01 1.581771741581186141e+01 3.450025357986762060e+02 1.000000000000000000e+00
-1.975003408057133214e+01 1.636622009996369087e+01 3.450583225281698674e+02 1.000000000000000000e+00
-1.961118611809614976e+01 1.691481331836794766e+01 3.451123546998610436e+02 1.000000000000000000e+00
-1.947169382741131471e+01 1.746348100070742149e+01 3.451644792891286784e+02 1.000000000000000000e+00
-1.933155925011825360e+01 1.801221400195237621e+01 3.452146945594990370e+02 1.000000000000000000e+00
-1.919078445052242188e+01 1.856100316946279705e+01 3.452629988373616925e+02 1.000000000000000000e+00
-1.904937151553446384e+01 1.910983934349332003e+01 3.453093905121057787e+02 1.000000000000000000e+00
-1.890732255456972055e+01 1.965871335769935158e+01 3.453538680362553350e+02 1.000000000000000000e+00
-1.876463969944565235e+01 2.020761603964403719e+01 3.453964299255986816e+02 1.000000000000000000e+00
-1.862132510427728960e+01 2.075653821130609700e+01 3.454370747593105193e+02 1.000000000000000000e+00
-1.847738094537076137e+01 2.130547068958863832e+01 3.454758011800710733e+02 1.000000000000000000e+00
-1.833280942111493417e+01 2.185440428682865033e+01 3.455126078941792684e+02 1.000000000000000000e+00
-1.818761275187103266e+01 2.240332981130732293e+01 3.455474936716605612e+02 1.000000000000000000e+00
-1.804179317986043785e+01 2.295223806776092701e+01 3.455804573463688598e+02 1.000000000000000000e+00
-1.789535296905053130e+01 2.350111985789249758e+01 3.456114978160853752e+02 1.000000000000000000e+00
-1.774829440503860312e+01 2.404996598088385440e+01 3.456406140426091724e+02 1.000000000000000000e+00
-1.760061979493411854e+01 2.459876723390821951e+01 3.456678050518447662e+02 1.000000000000000000e+00
-1.745233146723871442e+01 2.514751441264326459e+01 3.456930699338825548e+02 1.000000000000000000e+00
-1.730343177172480651e+01 2.569619831178465930e+01 3.457164078430765812e+02 1.000000000000000000e+00
-1.715392307931193727e+01 2.624480972555965508e+01 3.457378179981132007e+02 1.000000000000000000e+00
-1.700380778194166709e+01 2.679333944824126235e+01 3.457572996820786670e+02 1.000000000000000000e+00
-1.685308829245032314e+01 2.734177827466210431e+01 3.457748522425163742e+02 1.000000000000000000e+00
-1.670176704444027038e+01 2.789011700072919808e+01 3.457904750914843248e+02 1.000000000000000000e+00
-1.654984649214908643e+01 2.843834642393806433e+01 3.458041677056021399e+02 1.000000000000000000e+00
-1.639732911031727625e+01 2.898645734388721706e+01 3.458159296260961924e+02 1.000000000000000000e+00
-1.624421739405396892e+01 2.953444056279261787e+01 3.458257604588379763e+02 1.000000000000000000e+00
-1.609051385870106898e+01 3.008228688600177492e+01 3.458336598743761670e+02 1.000000000000000000e+00
-1.593622103969560122e+01 3.062998712250800537e+01 3.458396276079645304e+02 1.000000000000000000e+00
-1.578134149243026840e+01 3.117753208546426791e+01 3.458436634595848318e+02 1.000000000000000000e+00
-1.562587779211258621e+01 3.172491259269673236e+01 3.458457672939633767e+02 1.000000000000000000e+00
-1.546983253362200550e+01 3.227211946721806157e+01 3.458459390405819249e+02 1.000000000000000000e+00
-1.531320833136566861e+01 3.281914353774013904e+01 3.458441786936831477e+02 1.000000000000000000e+00
-1.515600781913234307e+01 3.336597563918662246e+01 3.458404863122727306e+02 1.000000000000000000e+00
-1.499823364994479213e+01 3.391260661320462333e+01 3.458348620201126664e+02 1.000000000000000000e+00
-1.483988849591056258e+01 3.445902730867603481e+01 3.458273060057119324e+02 1.000000000000000000e+00
-1.468097504807114539e+01 3.500522858222815614e+01 3.458178185223104606e+02 1.000000000000000000e+00
-1.452149601624961939e+01 3.555120129874346446e+01 3.458063998878578786e+02 1.000000000000000000e+00
-1.436145412889666240e+01 3.609693633186896733e+01 3.457930504849866793e+02 1.000000000000000000e+00
-1.420085213293517867e+01 3.664242456452431185e+01 3.457777707609808999e+02 1.000000000000000000e+00
-1.403969279360313571e+01 3.718765688940932534e+01 3.457605612277374121e+02 1.000000000000000000e+00
-1.387797889429523579e+01 3.773262420951030549e+01 3.457414224617240848e+02 1.000000000000000000e+00
-1.371571323640294260e+01 3.827731743860577751e+01 3.457203551039310128e+02 1.000000000000000000e+00
-1.355289863915300330e+01 3.882172750177075216e+01 3.456973598598182207e+02 1.000000000000000000e+00
-1.338953793944460635e+01 3.936584533587981127e+01 3.456724374992535900e+02 1.000000000000000000e+00
-1.322563399168518394e+01 3.990966189010969600e+01 3.456455888564519228e+02 1.000000000000000000e+00
-1.306118966762458022e+01 4.045316812643957860e+01 3.456168148299024665e+02 1.000000000000000000e+00
-1.289620785618823184e+01 4.099635502015114241e+01 3.455861163822958702e+02 1.000000000000000000e+00
-1.273069146330860413e+01 4.153921356032651602e+01 3.455534945404420455e+02 1.000000000000000000e+00
-1.256464341175543176e+01 4.208173475034513444e+01 3.455189503951859820e+02 1.000000000000000000e+00
-1.239806664096482969e+01 4.262390960837907272e+01 3.454824851013146940e+02 1.000000000000000000e+00
-1.223096410686671298e+01 4.316572916788685887e+01 3.454440998774629179e+02 1.000000000000000000e+00
