-3.053636966643918882e+01 -6.816958236876438093e+01 3.699510015352373671e+02 1.000000000000000000e+00
-3.052230352207037001e+01 -6.779025169059123357e+01 3.699087526895329461e+02 1.000000000000000000e+00
-3.050878050074213377e+01 -6.741126592026056130e+01 3.698679305944650082e+02 1.000000000000000000e+00
-3.049580026724179760e+01 -6.703262058793515621e+01 3.698285343085613590e+02 1.000000000000000000e+00
-3.048336249897711525e+01 -6.665431123354065335e+01 3.697905629235282845e+02 1.000000000000000000e+00
-3.047146688595748643e+01 -6.627633340658964300e+01 3.697540155641984256e+02 1.000000000000000000e+00
-3.046011313077527305e+01 -6.589868266600603874e+01 3.697188913884783688e+02 1.000000000000000000e+00
-3.044930094858847625e+01 -6.552135457995098022e+01 3.696851895873040235e+02 1.000000000000000000e+00
-3.043903006710364778e+01 -6.514434472564779810e+01 3.696529093845890657e+02 1.000000000000000000e+00
-3.042930022655990641e+01 -6.476764868920940899e+01 3.696220500371832145e+02 1.000000000000000000e+00
-3.042011117971346223e+01 -6.439126206546507092e+01 3.695926108348299977e+02 1.000000000000000000e+00
-3.041146269182295470e+01 -6.401518045778807675e+01 3.695645911001234367e+02 1.000000000000000000e+00
-3.040335454063536247e+01 -6.363939947792415808e+01 3.695379901884708147e+02 1.000000000000000000e+00
-3.039578651637297213e+01 -6.326391474582018759e+01 3.695128074880542499e+02 1.000000000000000000e+00
-3.038875842172065944e+01 -6.288872188945379804e+01 3.694890424197966468e+02 1.000000000000000000e+00
-3.038227007181426131e+01 -6.251381654466322857e+01 3.694666944373283854e+02 1.000000000000000000e+00
-3.037632129422934213e+01 -6.213919435497776078e+01 3.694457630269548076e+02 1.000000000000000000e+00
-3.037091192897098679e+01 -6.176485097144855985e+01 3.694262477076274536e+02 1.000000000000000000e+00
-3.036604182846400235e+01 -6.139078205248042508e+01 3.694081480309166068e+02 1.000000000000000000e+00
-3.036171085754414989e+01 -6.101698326366351210e+01 3.693914635809850893e+02 1.000000000000000000e+00
-3.035791889344973882e+01 -6.064345027760560924e+01 3.693761939745639324e+02 1.000000000000000000e+00
-3.035466582581442907e+01 -6.027017877376527366e+01 3.693623388609314588e+02 1.000000000000000000e+00
-3.035195155666005817e+01 -5.989716443828502435e+01 3.693498979218929890e+02 1.000000000000000000e+00
-3.034977600039083612e+01 -5.952440296382467011e+01 3.693388708717605482e+02 1.000000000000000000e+00
-3.034813908378799141e+01 -5.915189004939614392e+01 3.693292574573397928e+02 1.000000000000000000e+00
-3.034704074600500689e+01 -5.877962140019733539e+01 3.693210574579127297e+02 1.000000000000000000e+00
-3.034648093856371531e+01 -5.840759272744737274e+01 3.693142706852266883e+02 1.000000000000000000e+00
-3.034645962535109120e+01 -5.803579974822172005e+01 3.693088969834822706e+02 1.000000000000000000e+00
-3.034697678261671427e+01 -5.766423818528777190e+01 3.693049362293257900e+02 1.000000000000000000e+00
-3.034803239897099303e+01 -5.729290376694103060e+01 3.693023883318406320e+02 1.000000000000000000e+00
-3.034962647538403502e+01 -5.692179222684114848e+01 3.693012532325434449e+02 1.000000000000000000e+00
-3.035175902518528801e+01 -5.655089930384854569e+01 3.693015309053797637e+02 1.000000000000000000e+00
-3.035443007406377802e+01 -5.618022074186151826e+01 3.693032213567228155e+02 1.000000000000000000e+00
-3.035763966006928172e+01 -5.580975228965331070e+01 3.693063246253747707e+02 1.000000000000000000e+00
-3.036138783361392512e+01 -5.543948970070952242e+01 3.693108407825675386e+02 1.000000000000000000e+00
-3.036567465747470607e+01 -5.506942873306590513e+01 3.693167699319670305e+02 1.000000000000000000e+00
-3.037050020679669515e+01 -5.469956514914647983e+01 3.693241122096812319e+02 1.000000000000000000e+00
-3.037586456909676258e+01 -5.432989471560169648e+01 3.693328677842649199e+02 1.000000000000000000e+00
-3.038176784426823573e+01 -5.396041320314663636e+01 3.693430368567313167e+02 1.000000000000000000e+00
-3.038821014458623893e+01 -5.359111638640000308e+01 3.693546196605622072e+02 1.000000000000000000e+00
-3.039519159471363352e+01 -5.322200004372295012e+01 3.693676164617241398e+02 1.000000000000000000e+00
-3.040271233170776810e+01 -5.285305995705795112e+01 3.693820275586798516e+02 1.000000000000000000e+00
-3.041077250502783968e+01 -5.248429191176823849e+01 3.693978532824089029e+02 1.000000000000000000e+00
-3.041937227654305076e+01 -5.211569169647695077e+01 3.694150939964240479e+02 1.000000000000000000e+00
-3.042851182054154080e+01 -5.174725510290691943e+01 3.694337500967935171e+02 1.000000000000000000e+00
-3.043819132373987557e+01 -5.137897792572012889e+01 3.694538220121634708e+02 1.000000000000000000e+00
-3.044841098529336065e+01 -5.101085596235770936e+01 3.694753102037830672e+02 1.000000000000000000e+00
-3.045917101680699446e+01 -5.064288501287956734e+01 3.694982151655293592e+02 1.000000000000000000e+00
-3.047047164234729166e+01 -5.027506087980468408e+01 3.695225374239383314e+02 1.000000000000000000e+00
-3.048231309845466086e+01 -4.990737936795095919e+01 3.695482775382326395e+02 1.000000000000000000e+00
-3.049464479386180926e+01 -4.953982746387026026e+01 3.695753702986621079e+02 1.000000000000000000e+00
-3.050634835323441862e+01 -4.917220854699395716e+01 3.696023684452914040e+02 1.000000000000000000e+00
-3.051696596445894727e+01 -4.880444468018232840e+01 3.696286795488363737e+02 1.000000000000000000e+00
-3.052649733605118243e+01 -4.843653789512195829e+01 3.696543033149921484e+02 1.000000000000000000e+00
-3.053494218863038867e+01 -4.806849022567345742e+01 3.696792394570800866e+02 1.000000000000000000e+00
-3.054230025492873324e+01 -4.770030370783458551e+01 3.697034876960587439e+02 1.000000000000000000e+00
-3.054857127980033127e+01 -4.733198037970263528e+01 3.697270477605289329e+02 1.000000000000000000e+00
-3.055375502023013468e+01 -4.696352228143718577e+01 3.697499193867440113e+02 1.000000000000000000e+00
-3.055785124534216024e+01 -4.659493145522248625e+01 3.697721023186147704e+02 1.000000000000000000e+00
-3.056085973640771059e+01 -4.622620994522991111e+01 3.697935963077185306e+02 1.000000000000000000e+00
-3.056278028685300185e+01 -4.585735979758042902e+01 3.698144011133048252e+02 1.000000000000000000e+00
-3.056361270226670257e+01 -4.548838306030673095e+01 3.698345165023030177e+02 1.000000000000000000e+00
-3.056335680040673353e+01 -4.511928178331555017e+01 3.698539422493279858e+02 1.000000000000000000e+00
-3.056201241120729861e+01 -4.475005801834984709e+01 3.698726781366867726e+02 1.000000000000000000e+00
-3.055957937678504877e+01 -4.438071381895083078e+01 3.698907239543852370e+02 1.000000000000000000e+00
-3.055605755144522107e+01 -4.401125124042013681e+01 3.699080795001334536e+02 1.000000000000000000e+00
-3.055144680168728044e+01 -4.364167233978155025e+01 3.699247445793502607e+02 1.000000000000000000e+00
-3.054574700621031624e+01 -4.327197917574331143e+01 3.699407190051719567e+02 1.000000000000000000e+00
-3.053895805591803381e+01 -4.290217380865949792e+01 3.699560025984528693e+02 1.000000000000000000e+00
-3.053107985392346890e+01 -4.253225830049223788e+01 3.699705951877747907e+02 1.000000000000000000e+00
-3.052211231555332205e+01 -4.216223471477326257e+01 3.699844966094491383e+02 1.000000000000000000e+00
-3.051205536835183096e+01 -4.179210511656560811e+01 3.699977067075221839e+02 1.000000000000000000e+00
-3.050090895208466435e+01 -4.142187157242535989e+01 3.700102253337804541e+02 1.000000000000000000e+00
-3.048867301874197011e+01 -4.105153615036311976e+01 3.700220523477530037e+02 1.000000000000000000e+00
-3.047534753254150530e+01 -4.068110091980551601e+01 3.700331876167159066e+02 1.000000000000000000e+00
-3.046093246993121184e+01 -4.031056795155696904e+01 3.700436310156976560e+02 1.000000000000000000e+00
-3.044542781959151156e+01 -3.993993931776087436e+01 3.700533824274810399e+02 1.000000000000000000e+00
-3.042883358243718916e+01 -3.956921709186102731e+01 3.700624417426060404e+02 1.000000000000000000e+00
-3.041114977161909394e+01 -3.919840334856318975e+01 3.700708088593746652e+02 1.000000000000000000e+00
-3.039237641252528732e+01 -3.882750016379619495e+01 3.700784836838520846e+02 1.000000000000000000e+00
-3.037251354278202697e+01 -3.845650961467335094e+01 3.700854661298704968e+02 1.000000000000000000e+00
-3.035156121225421799e+01 -3.808543377945359509e+01 3.700917561190306060e+02 1.000000000000000000e+00
-3.032951948304581435e+01 -3.771427473750282644e+01 3.700973535807044072e+02 1.000000000000000000e+00
-3.030638842949952050e+01 -3.734303456925496079e+01 3.701022584520370060e+02 1.000000000000000000e+00
-3.028216813819642184e+01 -3.697171535617307825e+01 3.701064706779479820e+02 1.000000000000000000e+00
-3.025685870795523158e+01 -3.660031918071074131e+01 3.701099902111348570e+02 1.000000000000000000e+00
-3.023046024983088387e+01 -3.622884812627266626e+01 3.701128170120707068e+02 1.000000000000000000e+00
-3.020297288711338268e+01 -3.585730427717613367e+01 3.701149510490088232e+02 1.000000000000000000e+00
-3.017439675532574128e+01 -3.548568971861187293e+01 3.701163922979823724e+02 1.000000000000000000e+00
-3.014473200222173688e+01 -3.511400653660497539e+01 3.701171407428040538e+02 1.000000000000000000e+00
-3.011397878778367598e+01 -3.474225681797607734e+01 3.701171963750681471e+02 1.000000000000000000e+00
-3.008213728421923605e+01 -3.437044265030201018e+01 3.701165591941498292e+02 1.000000000000000000e+00
-3.004920767595833198e+01 -3.399856612187701899e+01 3.701152292072054024e+02 1.000000000000000000e+00
-3.001519015964966286e+01 -3.362662932167348373e+01 3.701132064291722941e+02 1.000000000000000000e+00
-2.998008494415665837e+01 -3.325463433930281809e+01 3.701104908827678059e+02 1.000000000000000000e+00
-2.994389225055338599e+01 -3.288258326497643935e+01 3.701070825984899102e+02 1.000000000000000000e+00
-2.990661231211978333e+01 -3.251047818946651802e+01 3.701029816146150324e+02 1.000000000000000000e+00
-2.986824537433695070e+01 -3.213832120406686244e+01 3.700981879771978811e+02 1.000000000000000000e+00
-2.982879169488169069e+01 -3.176611440055377145e+01 3.700927017400701402e+02 1.000000000000000000e+00
-2.978825154362092320e+01 -3.139385987114672005e+01 3.700865229648372292e+02 1.000000000000000000e+00
-2.974678866673979627e+01 -3.102157282111467396e+01 3.700798081515437730e+02 1.000000000000000000e+00
-2.970538395569212753e+01 -3.064933260083970978e+01 3.700734959085372680e+02 1.000000000000000000e+00
-2.966420069636003376e+01 -3.027715079146214450e+01 3.700677426150963925e+02 1.000000000000000000e+00
-2.962323869188031722e+01 -2.990502570450061626e+01 3.700625482190932303e+02 1.000000000000000000e+00
-2.958249774740557569e+01 -2.953295565208753004e+01 3.700579126734670012e+02 1.000000000000000000e+00
-2.954197767010133546e+01 -2.916093894694343902e+01 3.700538359362205370e+02 1.000000000000000000e+00
-2.950167826914286806e+01 -2.878897390235159293e+01 3.700503179704214176e+02 1.000000000000000000e+00
-2.946159935571231969e+01 -2.841705883213249351e+01 3.700473587442001531e+02 1.000000000000000000e+00
-2.942174074299565589e+01 -2.804519205061831499e+01 3.700449582307496144e+02 1.000000000000000000e+00
-2.938210224617975186e+01 -2.767337187262742404e+01 3.700431164083236695e+02 1.000000000000000000e+00
-2.934268368244972081e+01 -2.730159661343907018e+01 3.700418332602392297e+02 1.000000000000000000e+00
-2.930348487098586574e+01 -2.692986458876779565e+01 3.700411087748721570e+02 1.000000000000000000e+00
-2.926450563296110730e+01 -2.655817411473805478e+01 3.700409429456606176e+02 1.000000000000000000e+00
-2.922574579153804208e+01 -2.618652350785875882e+01 3.700413357711016147e+02 1.000000000000000000e+00
-2.918720517186661212e+01 -2.581491108499792730e+01 3.700422872547543420e+02 1.000000000000000000e+00
-2.914888360108107079e+01 -2.544333516335717249e+01 3.700437974052367736e+02 1.000000000000000000e+00
-2.911078090829771980e+01 -2.507179406044641823e+01 3.700458662362291307e+02 1.000000000000000000e+00
-2.907289692461223041e+01 -2.470028609405843412e+01 3.700484937664721201e+02 1.000000000000000000e+00
-2.903523148309713520e+01 -2.432880958224341583e+01 3.700516800197675025e+02 1.000000000000000000e+00
-2.899778441879943713e+01 -2.395736284328370047e+01 3.700554250249792290e+02 1.000000000000000000e+00
-2.896055556873815462e+01 -2.358594419566827227e+01 3.700597288160345215e+02 1.000000000000000000e+00
-2.892354477190196604e+01 -2.321455195806749572e+01 3.700645914319228496e+02 1.000000000000000000e+00
-2.888675186924698224e+01 -2.284318444930764613e+01 3.700700129166995112e+02 1.000000000000000000e+00
-2.885017670369432707e+01 -2.247183998834561791e+01 3.700759933194836435e+02 1.000000000000000000e+00
-2.881381912012803781e+01 -2.210051689424347288e+01 3.700825326944620883e+02 1.000000000000000000e+00
-2.877767896539278780e+01 -2.172921348614312365e+01 3.700896311008880843e+02 1.000000000000000000e+00
-2.874175608829181883e+01 -2.135792808324094949e+01 3.700972886030846780e+02 1.000000000000000000e+00
-2.870605033958475971e+01 -2.098665900476238733e+01 3.701055052704448940e+02 1.000000000000000000e+00
-2.867056157198573985e+01 -2.061540456993663994e+01 3.701142811774346342e+02 1.000000000000000000e+00
-2.863528964016113321e+01 -2.024416309797121372e+01 3.701236164035923935e+02 1.000000000000000000e+00
-2.860023440072784240e+01 -1.987293290802651669e+01 3.701335110335327272e+02 1.000000000000000000e+00
-2.856539571225124163e+01 -1.950171231919062365e+01 3.701439651569478428e+02 1.000000000000000000e+00
-2.853077343524331155e+01 -1.913049965045363265e+01 3.701549788686086799e+02 1.000000000000000000e+00
-2.849636743216082024e+01 -1.875929322068249405e+01 3.701665522683683207e+02 1.000000000000000000e+00
-2.846217756740357530e+01 -1.838809134859551975e+01 3.701786854611640933e+02 1.000000000000000000e+00
-2.842820370731266166e+01 -1.801689235273693868e+01 3.701913785570187656e+02 1.000000000000000000e+00
-2.839444572016866175e+01 -1.764569455145145582e+01 3.702046316710440692e+02 1.000000000000000000e+00
-2.836090347619010998e+01 -1.727449626285893913e+01 3.702184449234437693e+02 1.000000000000000000e+00
-2.832757684753182303e+01 -1.690329580482878313e+01 3.702328184395146877e+02 1.000000000000000000e+00
-2.829446570828331531e+01 -1.653209149495465624e+01 3.702477523496508525e+02 1.000000000000000000e+00
-2.826156993446734589e+01 -1.616088165052888925e+01 3.702632467893470221e+02 1.000000000000000000e+00
-2.822888940403832336e+01 -1.578966458851705035e+01 3.702793018991995382e+02 1.000000000000000000e+00
-2.819642399688100198e+01 -1.541843862553245437e+01 3.702959178249124079e+02 1.000000000000000000e+00
-2.816417359480894689e+01 -1.504720207781061880e+01 3.703130947172980427e+02 1.000000000000000000e+00
-2.813213808156324447e+01 -1.467595326118376065e+01 3.703308327322816922e+02 1.000000000000000000e+00
-2.810031734281129445e+01 -1.430469049105528434e+01 3.703491320309057073e+02 1.000000000000000000e+00
-2.806871126614527157e+01 -1.393341208237418627e+01 3.703679927793321554e+02 1.000000000000000000e+00
-2.803731974108125513e+01 -1.356211634960944323e+01 3.703874151488465714e+02 1.000000000000000000e+00
-2.800614265905779021e+01 -1.319080160672456081e+01 3.704073993158636995e+02 1.000000000000000000e+00
-2.797517991343480759e+01 -1.281946616715175224e+01 3.704279454619283456e+02 1.000000000000000000e+00
-2.794437635487188132e+01 -1.244809663348147488e+01 3.704487052818963093e+02 1.000000000000000000e+00
-2.791359746717102652e+01 -1.207666459162804351e+01 3.704688268846276742e+02 1.000000000000000000e+00
-2.788283730372771529e+01 -1.170517073451437717e+01 3.704882713321890151e+02 1.000000000000000000e+00
-2.785209603670758938e+01 -1.133361709606153589e+01 3.705070384109837960e+02 1.000000000000000000e+00
-2.782137383810390219e+01 -1.096200571126802181e+01 3.705251279148243952e+02 1.000000000000000000e+00
-2.779067087973436756e+01 -1.059033861617263916e+01 3.705425396449383584e+02 1.000000000000000000e+00
-2.775998733323781309e+01 -1.021861784781738081e+01 3.705592734099727181e+02 1.000000000000000000e+00
-2.772932337007117098e+01 -9.846845444210396536e+00 3.705753290259999062e+02 1.000000000000000000e+00
-2.769867916150615983e+01 -9.475023444288710905e+00 3.705907063165227555e+02 1.000000000000000000e+00
-2.766805487862614044e+01 -9.103153887881143547e+00 3.706054051124795023e+02 1.000000000000000000e+00
-2.763745069232302498e+01 -8.731238815671019893e+00 3.706194252522484476e+02 1.000000000000000000e+00
-2.760686677329390903e+01 -8.359280269158876564e+00 3.706327665816514241e+02 1.000000000000000000e+00
-2.757630329203817610e+01 -7.987280290625262680e+00 3.706454289539591969e+02 1.000000000000000000e+00
-2.754576041885400883e+01 -7.615240923093303138e+00 3.706574122298956127e+02 1.000000000000000000e+00
-2.751523832383551138e+01 -7.243164210291410221e+00 3.706687162776398736e+02 1.000000000000000000e+00
-2.748473717686946571e+01 -6.871052196615917040e+00 3.706793409728322786e+02 1.000000000000000000e+00
-2.745425714763207026e+01 -6.498906927093617725e+00 3.706892861985760987e+02 1.000000000000000000e+00
-2.742379840558596982e+01 -6.126730447344405306e+00 3.706985518454409885e+02 1.000000000000000000e+00
-2.739336111997700840e+01 -5.754524803543734635e+00 3.707071378114665094e+02 1.000000000000000000e+00
-2.736294545983116322e+01 -5.382292042385233621e+00 3.707150440021652571e+02 1.000000000000000000e+00
-2.733255159395129752e+01 -5.010034211043151053e+00 3.707222703305237701e+02 1.000000000000000000e+00
-2.730217969091417984e+01 -4.637753357134888788e+00 3.707288167170069642e+02 1.000000000000000000e+00
-2.727182991906732923e+01 -4.265451528683438909e+00 3.707346830895589278e+02 1.000000000000000000e+00
-2.724150244652586750e+01 -3.893130774079867962e+00 3.707398693836056509e+02 1.000000000000000000e+00
-2.721119744116946748e+01 -3.520793142045745672e+00 3.707443755420566731e+02 1.000000000000000000e+00
-2.718091507063915202e+01 -3.148440681595567003e+00 3.707482015153057660e+02 1.000000000000000000e+00
-2.715065550233436653e+01 -2.776075441999202642e+00 3.707513472612338887e+02 1.000000000000000000e+00
-2.712041890340974604e+01 -2.403699472744274424e+00 3.707538127452092453e+02 1.000000000000000000e+00
-2.709020544077214154e+01 -2.031314823498578725e+00 3.707555979400881370e+02 1.000000000000000000e+00
-2.706001528107745102e+01 -1.658923544072476330e+00 3.707567028262166104e+02 1.000000000000000000e+00
-2.702984859072768842e+01 -1.286527684381281622e+00 3.707571273914302878e+02 1.000000000000000000e+00
-2.699970553586777910e+01 -9.141292944076483407e-01 3.707568716310547643e+02 1.000000000000000000e+00
-2.696958628238260758e+01 -5.417304241639553375e-01 3.707559355479058354e+02 1.000000000000000000e+00
-2.693949099589393015e+01 -1.693331236546886664e-01 3.707543191522893267e+02 1.000000000000000000e+00
-2.690941984175738355e+01 2.030605571611731608e-01 3.707520224620012641e+02 1.000000000000000000e+00
-2.687937298505938344e+01 5.754485684077749186e-01 3.707490455023268510e+02 1.000000000000000000e+00
-2.684935059061420404e+01 9.478288603299958037e-01 3.707453883060401836e+02 1.000000000000000000e+00
-2.681935282296089085e+01 1.320199383331052578e+00 3.707410509134024892e+02 1.000000000000000000e+00
-2.678937984636024083e+01 1.692558088010101880e+00 3.707360333721622396e+02 1.000000000000000000e+00
-2.675943182479182525e+01 2.064902925199831429e+00 3.707303357375531618e+02 1.000000000000000000e+00
-2.672950892195110484e+01 2.437231846004039415e+00 3.707239580722925325e+02 1.000000000000000000e+00
-2.669961130124629278e+01 2.809542801835211989e+00 3.707169004465803255e+02 1.000000000000000000e+00
-2.666973912579537043e+01 3.181833744452072121e+00 3.707091629380952327e+02 1.000000000000000000e+00
-2.663989255842338011e+01 3.554102625997141107e+00 3.707007456319961420e+02 1.000000000000000000e+00
-2.661007176165908206e+01 3.926347399034255670e+00 3.706916486209158279e+02 1.000000000000000000e+00
-2.658027689773235025e+01 4.298566016586088168e+00 3.706818720049612352e+02 1.000000000000000000e+00
-2.655050812857103892e+01 4.670756432171640604e+00 3.706714158917089321e+02 1.000000000000000000e+00
-2.652076561579808711e+01 5.042916599843725756e+00 3.706602803962035182e+02 1.000000000000000000e+00
-2.649104952072865160e+01 5.415044474226414550e+00 3.706484656409535319e+02 1.000000000000000000e+00
-2.646136000436710134e+01 5.787138010552481227e+00 3.706359717559283808e+02 1.000000000000000000e+00
