7.699884971947511536e-01 -6.482374347006432913e+01 3.433990856981619118e+02 1.000000000000000000e+00
6.775053538252305829e-01 -6.425663774939161499e+01 3.432969231888016566e+02 1.000000000000000000e+00
5.852235742892681891e-01 -6.369042043914728879e+01 3.431977909530849047e+02 1.000000000000000000e+00
4.931405894526250666e-01 -6.312507607639575014e+01 3.431016837941189124e+02 1.000000000000000000e+00
4.012538434173167357e-01 -6.256058926107896667e+01 3.430085966778813713e+02 1.000000000000000000e+00
3.095607932820205188e-01 -6.199694465459729997e+01 3.429185247325581258e+02 1.000000000000000000e+00
2.180589089047129669e-01 -6.143412697840006587e+01 3.428314632479003876e+02 1.000000000000000000e+00
1.267456726673578116e-01 -6.087212101258668895e+01 3.427474076746067340e+02 1.000000000000000000e+00
3.561857924238966133e-02 -6.031091159451741390e+01 3.426663536237261383e+02 1.000000000000000000e+00
-5.532486463856875480e-02 -5.975048361743335334e+01 3.425882968660813503e+02 1.000000000000000000e+00
-1.460871404144559738e-01 -5.919082202908617774e+01 3.425132333317159805e+02 1.000000000000000000e+00
-2.366707179223567215e-01 -5.863191183037649523e+01 3.424411591093615925e+02 1.000000000000000000e+00
-3.270780556233566783e-01 -5.807373807400053067e+01 3.423720704459249760e+02 1.000000000000000000e+00
-4.173116008268076271e-01 -5.751628586310646085e+01 3.423059637460001454e+02 1.000000000000000000e+00
-5.073737899126459228e-01 -5.695954034995745019e+01 3.422428355713971655e+02 1.000000000000000000e+00
-5.972670485520630290e-01 -5.640348673460389506e+01 3.421826826406958730e+02 1.000000000000000000e+00
-6.869937919268208626e-01 -5.584811026356231167e+01 3.421255018288151177e+02 1.000000000000000000e+00
-7.765564249464651514e-01 -5.529339622850262259e+01 3.420712901666099128e+02 1.000000000000000000e+00
-8.659573424645309325e-01 -5.473932996494180969e+01 3.420200448404817166e+02 1.000000000000000000e+00
-9.551989294928717733e-01 -5.418589685094502073e+01 3.419717631920145209e+02 1.000000000000000000e+00
-1.044283561414559802e+00 -5.363308230583331948e+01 3.419264427176290155e+02 1.000000000000000000e+00
-1.133213604195640656e+00 -5.308087178889754654e+01 3.418840810682575011e+02 1.000000000000000000e+00
-1.221991414594977732e+00 -5.252925079811884501e+01 3.418446760490390375e+02 1.000000000000000000e+00
-1.310619340373316399e+00 -5.197820486889504821e+01 3.418082256190348289e+02 1.000000000000000000e+00
-1.399099720500633914e+00 -5.142771957277261663e+01 3.417747278909640727e+02 1.000000000000000000e+00
-1.487434885362354020e+00 -5.087778051618424513e+01 3.417441811309585091e+02 1.000000000000000000e+00
-1.575627156964430675e+00 -5.032837333919175649e+01 3.417165837583389703e+02 1.000000000000000000e+00
-1.663678849136923876e+00 -4.977948371423403984e+01 3.416919343454095497e+02 1.000000000000000000e+00
-1.751592267736799435e+00 -4.923109734487991318e+01 3.416702316172743963e+02 1.000000000000000000e+00
-1.839369710849271922e+00 -4.868319996458521359e+01 3.416514744516714472e+02 1.000000000000000000e+00
-1.927013468988364231e+00 -4.813577733545469783e+01 3.416356618788279889e+02 1.000000000000000000e+00
-2.014525825296166417e+00 -4.758881524700793619e+01 3.416227930813353737e+02 1.000000000000000000e+00
-2.101909055741142840e+00 -4.704229951494881590e+01 3.416128673940423255e+02 1.000000000000000000e+00
-2.189165429315614197e+00 -4.649621597993939304e+01 3.416058843039705266e+02 1.000000000000000000e+00
-2.276297208232053837e+00 -4.595055050637636640e+01 3.416018434502468040e+02 1.000000000000000000e+00
-2.363306648118779663e+00 -4.540528898117162981e+01 3.416007446240579384e+02 1.000000000000000000e+00
-2.450195998214382165e+00 -4.486041731253541087e+01 3.416025877686227545e+02 1.000000000000000000e+00
-2.536967501561752325e+00 -4.431592142876207419e+01 3.416073729791849587e+02 1.000000000000000000e+00
-2.623623395200926467e+00 -4.377178727701893735e+01 3.416151005030255874e+02 1.000000000000000000e+00
-2.710165910361501229e+00 -4.322800082213711903e+01 3.416257707394947829e+02 1.000000000000000000e+00
-2.796597272654037347e+00 -4.268454804540469638e+01 3.416393842400632934e+02 1.000000000000000000e+00
-2.882919702260936301e+00 -4.214141494336184479e+01 3.416559417083947210e+02 1.000000000000000000e+00
-2.969135414126585104e+00 -4.159858752659730641e+01 3.416754440004345952e+02 1.000000000000000000e+00
-3.055246618146900239e+00 -4.105605181854706842e+01 3.416978921245232073e+02 1.000000000000000000e+00
-3.141255519358327586e+00 -4.051379385429348901e+01 3.417232872415237921e+02 1.000000000000000000e+00
-3.227164318126231279e+00 -3.997179967936617118e+01 3.417516306649744138e+02 1.000000000000000000e+00
-3.312975210332617770e+00 -3.943005534854327010e+01 3.417829238612567906e+02 1.000000000000000000e+00
-3.398690387563705784e+00 -3.888854692465373120e+01 3.418171684497876868e+02 1.000000000000000000e+00
-3.484312037296697806e+00 -3.834726047737942878e+01 3.418543662032252541e+02 1.000000000000000000e+00
-3.569842343086375269e+00 -3.780618208205835629e+01 3.418945190477026586e+02 1.000000000000000000e+00
-3.655303570052331530e+00 -3.726528508370719805e+01 3.419375122117246519e+02 1.000000000000000000e+00
-3.741139105320133496e+00 -3.672427997994268623e+01 3.419807764361808040e+02 1.000000000000000000e+00
-3.827529570678293691e+00 -3.618305418173580534e+01 3.420232597302144200e+02 1.000000000000000000e+00
-3.914474572837805422e+00 -3.564161136654692541e+01 3.420649615076336545e+02 1.000000000000000000e+00
-4.001973710610633894e+00 -3.509995521666264295e+01 3.421058811928183445e+02 1.000000000000000000e+00
-4.090026574914354285e+00 -3.455808941911342913e+01 3.421460182207372895e+02 1.000000000000000000e+00
-4.178632748776769823e+00 -3.401601766559110018e+01 3.421853720369701932e+02 1.000000000000000000e+00
-4.267791807341008159e+00 -3.347374365236600369e+01 3.422239420977251712e+02 1.000000000000000000e+00
-4.357503317870813575e+00 -3.293127108020397031e+01 3.422617278698577366e+02 1.000000000000000000e+00
-4.447766839756121193e+00 -3.238860365428318744e+01 3.422987288308897860e+02 1.000000000000000000e+00
-4.538581924518973132e+00 -3.184574508411056826e+01 3.423349444690257428e+02 1.000000000000000000e+00
-4.629948115819575882e+00 -3.130269908343850460e+01 3.423703742831733621e+02 1.000000000000000000e+00
-4.721864949462773353e+00 -3.075946937018058946e+01 3.424050177829577706e+02 1.000000000000000000e+00
-4.814331953404735742e+00 -3.021605966632793283e+01 3.424388744887406801e+02 1.000000000000000000e+00
-4.907348647759916638e+00 -2.967247369786475986e+01 3.424719439316356215e+02 1.000000000000000000e+00
-5.000914544808298778e+00 -2.912871519468395931e+01 3.425042256535247134e+02 1.000000000000000000e+00
-5.095029149002955116e+00 -2.858478789050272084e+01 3.425357192070746351e+02 1.000000000000000000e+00
-5.189691956977801723e+00 -2.804069552277743682e+01 3.425664241557508944e+02 1.000000000000000000e+00
-5.284902457555716637e+00 -2.749644183261898434e+01 3.425963400738345399e+02 1.000000000000000000e+00
-5.380660131756852316e+00 -2.695203056470756309e+01 3.426254665464369396e+02 1.000000000000000000e+00
-5.476964452807348671e+00 -2.640746546720718868e+01 3.426538031695110362e+02 1.000000000000000000e+00
-5.573814886148102943e+00 -2.586275029168058737e+01 3.426813495498701627e+02 1.000000000000000000e+00
-5.671210889444068037e+00 -2.531788879300315287e+01 3.427081053051973640e+02 1.000000000000000000e+00
-5.769151912593673437e+00 -2.477288472927755336e+01 3.427340700640613136e+02 1.000000000000000000e+00
-5.867637397738565852e+00 -2.422774186174753908e+01 3.427592434659286482e+02 1.000000000000000000e+00
-5.966666779273566590e+00 -2.368246395471185295e+01 3.427836251611745979e+02 1.000000000000000000e+00
-6.066239483857025050e+00 -2.313705477543827271e+01 3.428072148110982766e+02 1.000000000000000000e+00
-6.166354930421300118e+00 -2.259151809407679679e+01 3.428300120879309247e+02 1.000000000000000000e+00
-6.267012530183666996e+00 -2.204585768357360109e+01 3.428520166748516544e+02 1.000000000000000000e+00
-6.368211686657297754e+00 -2.150007731958405444e+01 3.428732282659934185e+02 1.000000000000000000e+00
-6.469951795662836069e+00 -2.095418078038607135e+01 3.428936465664571074e+02 1.000000000000000000e+00
-6.572232245339781009e+00 -2.040817184679334417e+01 3.429132712923219515e+02 1.000000000000000000e+00
-6.675052416158591129e+00 -1.986205430206800315e+01 3.429321021706517740e+02 1.000000000000000000e+00
-6.778411680932872052e+00 -1.931583193183384495e+01 3.429501389395087472e+02 1.000000000000000000e+00
-6.882309404831664423e+00 -1.876950852398884706e+01 3.429673813479598721e+02 1.000000000000000000e+00
-6.986744945392397987e+00 -1.822308786861802332e+01 3.429838291560873813e+02 1.000000000000000000e+00
-7.091717652533742644e+00 -1.767657375790568253e+01 3.429994821349948779e+02 1.000000000000000000e+00
-7.197226868568915137e+00 -1.712996998604820575e+01 3.430143400668175673e+02 1.000000000000000000e+00
-7.303271928219208675e+00 -1.658328034916617000e+01 3.430284027447289077e+02 1.000000000000000000e+00
-7.409852158627822760e+00 -1.603650864521668851e+01 3.430416699729467496e+02 1.000000000000000000e+00
-7.516966879373903510e+00 -1.548965867390563034e+01 3.430541415667423735e+02 1.000000000000000000e+00
-7.624615402486904614e+00 -1.494273423659962496e+01 3.430658173524449239e+02 1.000000000000000000e+00
-7.732797032461194320e+00 -1.439573913623816992e+01 3.430766971674487991e+02 1.000000000000000000e+00
-7.841511066270870245e+00 -1.384867717724553238e+01 3.430867808602181412e+02 1.000000000000000000e+00
-7.950756793384988974e+00 -1.330155216544263475e+01 3.430960682902931467e+02 1.000000000000000000e+00
-8.060533495782916447e+00 -1.275436790795883724e+01 3.431045593282944424e+02 1.000000000000000000e+00
-8.170840447969967002e+00 -1.220712821314373642e+01 3.431122538559275199e+02 1.000000000000000000e+00
-8.281676916993356841e+00 -1.165983689047883587e+01 3.431191517659870556e+02 1.000000000000000000e+00
-8.393042162458408839e+00 -1.111249775048917598e+01 3.431252529623612304e+02 1.000000000000000000e+00
-8.504935436544936778e+00 -1.056511460465498686e+01 3.431305573600332082e+02 1.000000000000000000e+00
-8.617359218166708246e+00 -1.001769497972446921e+01 3.431351921141363164e+02 1.000000000000000000e+00
-8.730332526875766774e+00 -9.470263148761654648e+00 3.431399205643165828e+02 1.000000000000000000e+00
-8.843858796030216851e+00 -8.922821971950966713e+00 3.431448699545434238e+02 1.000000000000000000e+00
-8.957938268719749075e+00 -8.375370392055318192e+00 3.431500403039308935e+02 1.000000000000000000e+00
-9.072571190184367751e+00 -7.827907351735107433e+00 3.431554316324497904e+02 1.000000000000000000e+00
-9.187757807816092637e+00 -7.280431793541405128e+00 3.431610439609234504e+02 1.000000000000000000e+00
-9.303498371160744185e+00 -6.732942659909086913e+00 3.431668773110310440e+02 1.000000000000000000e+00
-9.419793131919698581e+00 -6.185438893150100981e+00 3.431729317053060413e+02 1.000000000000000000e+00
-9.536642343951713841e+00 -5.637919435446571370e+00 3.431792071671364397e+02 1.000000000000000000e+00
-9.654046263274763007e+00 -5.090383228844070906e+00 3.431857037207668668e+02 1.000000000000000000e+00
-9.772005148067773206e+00 -4.542829215244696073e+00 3.431924213912967048e+02 1.000000000000000000e+00
-9.890519258672682668e+00 -3.995256336400348385e+00 3.431993602046811702e+02 1.000000000000000000e+00
-1.000958885759621175e+01 -3.447663533905787059e+00 3.432065201877313712e+02 1.000000000000000000e+00
-1.012921420951169971e+01 -2.900049749191922821e+00 3.432139013681153870e+02 1.000000000000000000e+00
-1.024939558126122030e+01 -2.352413923518894112e+00 3.432215037743568473e+02 1.000000000000000000e+00
-1.037013324185735463e+01 -1.804754997969322705e+00 3.432293274358372628e+02 1.000000000000000000e+00
-1.049142746248529434e+01 -1.257071913441398570e+00 3.432373723827944900e+02 1.000000000000000000e+00
-1.061327851650474230e+01 -7.093636106420402321e-01 3.432456386463242097e+02 1.000000000000000000e+00
-1.073568667945197674e+01 -1.616290300801533075e-01 3.432541262583796424e+02 1.000000000000000000e+00
-1.085865222904188876e+01 3.861328879403378989e-01 3.432628352517718895e+02 1.000000000000000000e+00
-1.098217544517000199e+01 9.339232033272353295e-01 3.432717656601709564e+02 1.000000000000000000e+00
-1.110625660991457053e+01 1.481742976206984919e+00 3.432809175181049000e+02 1.000000000000000000e+00
-1.123089600753873540e+01 2.029593266931529971e+00 3.432902908609614769e+02 1.000000000000000000e+00
-1.135609392449250876e+01 2.577475136085119356e+00 3.432998857249864955e+02 1.000000000000000000e+00
-1.148185064941507783e+01 3.125389644491173069e+00 3.433097021472867709e+02 1.000000000000000000e+00
-1.160816647313685657e+01 3.673337853219214466e+00 3.433197401658292733e+02 1.000000000000000000e+00
-1.173504168868169728e+01 4.221320823591613980e+00 3.433299998194394220e+02 1.000000000000000000e+00
-1.186247659126913589e+01 4.769339617190625269e+00 3.433404811478062584e+02 1.000000000000000000e+00
-1.199047147831657334e+01 5.317395295865100735e+00 3.433511841914777278e+02 1.000000000000000000e+00
-1.211902664944154928e+01 5.865488921737471273e+00 3.433621089918647158e+02 1.000000000000000000e+00
-1.224814240646400876e+01 6.413621557210553270e+00 3.433732555912391717e+02 1.000000000000000000e+00
-1.237781905340861321e+01 6.961794264974490609e+00 3.433846240327359851e+02 1.000000000000000000e+00
-1.250805689650702845e+01 7.510008108013675354e+00 3.433962143603526442e+02 1.000000000000000000e+00
-1.263885624420027298e+01 8.058264149613513894e+00 3.434080266189500321e+02 1.000000000000000000e+00
-1.277021740714106102e+01 8.606563453367462202e+00 3.434200608542525401e+02 1.000000000000000000e+00
-1.290214069819627163e+01 9.154907083183871919e+00 3.434323171128490912e+02 1.000000000000000000e+00
-1.303462643244917984e+01 9.703296103292826658e+00 3.434447954421917188e+02 1.000000000000000000e+00
-1.316767492720206434e+01 1.025173157825321901e+01 3.434574958905992617e+02 1.000000000000000000e+00
-1.330128650197854867e+01 1.080021457295953979e+01 3.434704185072553173e+02 1.000000000000000000e+00
-1.343546147852609707e+01 1.134874615264880404e+01 3.434835633422094361e+02 1.000000000000000000e+00
-1.357020018081845336e+01 1.189732738290753566e+01 3.434969304463773483e+02 1.000000000000000000e+00
-1.370550293505828598e+01 1.244595932967865437e+01 3.435105198715421011e+02 1.000000000000000000e+00
-1.384137006967959138e+01 1.299464305926845320e+01 3.435243316703546270e+02 1.000000000000000000e+00
-1.397780191535032124e+01 1.354337963835346414e+01 3.435383658963322659e+02 1.000000000000000000e+00
-1.411479880497491912e+01 1.409217013398751561e+01 3.435526226038626874e+02 1.000000000000000000e+00
-1.425236107369697081e+01 1.464101561360855541e+01 3.435671018482013324e+02 1.000000000000000000e+00
-1.439048905890178176e+01 1.518991714504571533e+01 3.435818036854738011e+02 1.000000000000000000e+00
-1.452918310021904702e+01 1.573887579652623891e+01 3.435967281726748297e+02 1.000000000000000000e+00
-1.466844353952551749e+01 1.628789263668241460e+01 3.436118753676713595e+02 1.000000000000000000e+00
-1.480827072094772312e+01 1.683696873455860654e+01 3.436272453292001501e+02 1.000000000000000000e+00
-1.494853249127589301e+01 1.738609792713069879e+01 3.436426951640636958e+02 1.000000000000000000e+00
-1.508890496012294591e+01 1.793526235923047807e+01 3.436578754223461942e+02 1.000000000000000000e+00
-1.522937307366314386e+01 1.848445988201225632e+01 3.436727701459921605e+02 1.000000000000000000e+00
-1.536993649255739847e+01 1.903368912441754546e+01 3.436873792605717881e+02 1.000000000000000000e+00
-1.551059487693100536e+01 1.958294871499352752e+01 3.437017026930740258e+02 1.000000000000000000e+00
-1.565134788637635666e+01 2.013223728190447304e+01 3.437157403719057811e+02 1.000000000000000000e+00
-1.579219517995562327e+01 2.068155345294307068e+01 3.437294922268940240e+02 1.000000000000000000e+00
-1.593313641620358645e+01 2.123089585554180303e+01 3.437429581892859574e+02 1.000000000000000000e+00
-1.607417125313028095e+01 2.178026311678438276e+01 3.437561381917501535e+02 1.000000000000000000e+00
-1.621529934822379460e+01 2.232965386341714265e+01 3.437690321683772368e+02 1.000000000000000000e+00
-1.635652035845307140e+01 2.287906672186035806e+01 3.437816400546812474e+02 1.000000000000000000e+00
-1.649783394027062755e+01 2.342850031821977197e+01 3.437939617875996987e+02 1.000000000000000000e+00
-1.663923974961526753e+01 2.397795327829786771e+01 3.438059973054942589e+02 1.000000000000000000e+00
-1.678073744191503280e+01 2.452742422760548280e+01 3.438177465481530248e+02 1.000000000000000000e+00
-1.692232667208982377e+01 2.507691179137301418e+01 3.438292094567891013e+02 1.000000000000000000e+00
-1.706400709455425968e+01 2.562641459456207826e+01 3.438403859740429880e+02 1.000000000000000000e+00
-1.720577836322051724e+01 2.617593126187671970e+01 3.438512760439828071e+02 1.000000000000000000e+00
-1.734764013150108752e+01 2.672546041777507142e+01 3.438618796121045307e+02 1.000000000000000000e+00
-1.748959205231160041e+01 2.727500068648065579e+01 3.438721966253336291e+02 1.000000000000000000e+00
-1.763163377807363830e+01 2.782455069199384923e+01 3.438822270320245025e+02 1.000000000000000000e+00
-1.777376496071763512e+01 2.837410905810349959e+01 3.438919707819625842e+02 1.000000000000000000e+00
-1.791598525168558709e+01 2.892367440839819537e+01 3.439014278263636015e+02 1.000000000000000000e+00
-1.805829430193400853e+01 2.947324536627774449e+01 3.439105981178742582e+02 1.000000000000000000e+00
-1.820069176193676341e+01 3.002282055496489477e+01 3.439194816105752466e+02 1.000000000000000000e+00
-1.834317728168783646e+01 3.057239859751645739e+01 3.439280782599777808e+02 1.000000000000000000e+00
-1.848575051070427477e+01 3.112197811683503446e+01 3.439363880230272343e+02 1.000000000000000000e+00
-1.862841109802907269e+01 3.167155773568049071e+01 3.439444108581031401e+02 1.000000000000000000e+00
-1.877115869223394640e+01 3.222113607668122626e+01 3.439521467250179398e+02 1.000000000000000000e+00
-1.891399294142233245e+01 3.277071176234598937e+01 3.439595955850206224e+02 1.000000000000000000e+00
-1.905691349323218731e+01 3.332028341507513858e+01 3.439667574007942790e+02 1.000000000000000000e+00
-1.919991999483891476e+01 3.386984965717216767e+01 3.439736321364574110e+02 1.000000000000000000e+00
-1.934301209295831114e+01 3.441940911085536925e+01 3.439802197575661467e+02 1.000000000000000000e+00
-1.948618943384933999e+01 3.496896039826903291e+01 3.439865202311114558e+02 1.000000000000000000e+00
-1.962945166331721225e+01 3.551850214149528284e+01 3.439925335255226742e+02 1.000000000000000000e+00
-1.977279842671615739e+01 3.606803296256542524e+01 3.439982596106660822e+02 1.000000000000000000e+00
-1.991622936895246454e+01 3.661755148347136668e+01 3.440036984578458714e+02 1.000000000000000000e+00
-2.005974413448730687e+01 3.716705632617728838e+01 3.440088500398035194e+02 1.000000000000000000e+00
-2.020334236733976851e+01 3.771654611263117829e+01 3.440137143307209726e+02 1.000000000000000000e+00
-2.034702371108971164e+01 3.826601946477607896e+01 3.440182913062164403e+02 1.000000000000000000e+00
-2.049078780888077844e+01 3.881547500456188260e+01 3.440225809433492259e+02 1.000000000000000000e+00
-2.063463430342330795e+01 3.936491135395683472e+01 3.440265832206173968e+02 1.000000000000000000e+00
-2.077856283699734874e+01 3.991432713495883178e+01 3.440302981179584663e+02 1.000000000000000000e+00
-2.092257305145551882e+01 4.046372096960707410e+01 3.440337256167500755e+02 1.000000000000000000e+00
-2.106666458822612498e+01 4.101309147999367610e+01 3.440368656998104484e+02 1.000000000000000000e+00
-2.121083708831594450e+01 4.156243728827500661e+01 3.440397183513969139e+02 1.000000000000000000e+00
-2.135509019231341554e+01 4.211175701668331328e+01 3.440422835572090889e+02 1.000000000000000000e+00
-2.149942354039146863e+01 4.266104928753816239e+01 3.440445613043858657e+02 1.000000000000000000e+00
-2.164383677231057490e+01 4.321031272325805617e+01 3.440465515815079129e+02 1.000000000000000000e+00
-2.178832952742175877e+01 4.375954594637192230e+01 3.440482543785968801e+02 1.000000000000000000e+00
-2.193290144466957514e+01 4.430874757953056076e+01 3.440496696871152835e+02 1.000000000000000000e+00
