1.120606509725391753e+01 -6.504801106544096001e+01 3.435623888662586296e+02 1.000000000000000000e+00
1.114022838556684469e+01 -6.439352098232907906e+01 3.433120755844300902e+02 1.000000000000000000e+00
1.107458250954619849e+01 -6.374141322241897711e+01 3.430698196800673827e+02 1.000000000000000000e+00
1.100912265232731713e+01 -6.309163890689831788e+01 3.428355878218490034e+02 1.000000000000000000e+00
1.094384403540183293e+01 -6.244414960607660703e+01 3.426093478490614643e+02 1.000000000000000000e+00
1.087874191741759411e+01 -6.179889732701609972e+01 3.423910687604133045e+02 1.000000000000000000e+00
1.081381159299550276e+01 -6.115583450135769539e+01 3.421807207032773590e+02 1.000000000000000000e+00
1.074904839156360481e+01 -6.051491397333786182e+01 3.419782749633668573e+02 1.000000000000000000e+00
1.068444767620661118e+01 -5.987608898798737300e+01 3.417837039548239773e+02 1.000000000000000000e+00
1.062000484253134225e+01 -5.923931317950804498e+01 3.415969812107292682e+02 1.000000000000000000e+00
1.055571531754652348e+01 -5.860454055981964672e+01 3.414180813740146050e+02 1.000000000000000000e+00
1.049157455855738696e+01 -5.797172550727140106e+01 3.412469801887781387e+02 1.000000000000000000e+00
1.042757805207341271e+01 -5.734082275551224228e+01 3.410836544919949347e+02 1.000000000000000000e+00
1.036372131272948138e+01 -5.671178738251458640e+01 3.409280822056235252e+02 1.000000000000000000e+00
1.029999988221960905e+01 -5.608457479974420323e+01 3.407802423290889919e+02 1.000000000000000000e+00
1.023640932824264915e+01 -5.545914074147316342e+01 3.406401149321551998e+02 1.000000000000000000e+00
1.017294524345913231e+01 -5.483544125422766058e+01 3.405076811481672507e+02 1.000000000000000000e+00
1.010960324446006275e+01 -5.421343268636834978e+01 3.403829231676737095e+02 1.000000000000000000e+00
1.004637897074481145e+01 -5.359307167779476799e+01 3.402658242324060325e+02 1.000000000000000000e+00
9.983268083710180818e+00 -5.297431514977140665e+01 3.401563686296335050e+02 1.000000000000000000e+00
9.920266265648162829e+00 -5.235712029486860075e+01 3.400545416868684470e+02 1.000000000000000000e+00
9.857369218752983997e+00 -5.174144456701461792e+01 3.399603297669386279e+02 1.000000000000000000e+00
9.794572664136657281e+00 -5.112724567165255962e+01 3.398737202634056302e+02 1.000000000000000000e+00
9.731872340852264713e+00 -5.051448155599843659e+01 3.397947015963379158e+02 1.000000000000000000e+00
9.669264004925020473e+00 -4.990311039939560800e+01 3.397232632084345596e+02 1.000000000000000000e+00
9.606743428390428718e+00 -4.929309060376015594e+01 3.396593955614913511e+02 1.000000000000000000e+00
9.544306398338816777e+00 -4.868438078411308112e+01 3.396030901332123335e+02 1.000000000000000000e+00
9.481948715966193930e+00 -4.807693975919515594e+01 3.395543394143655860e+02 1.000000000000000000e+00
9.419666195630869154e+00 -4.747072654215916998e+01 3.395131369062758040e+02 1.000000000000000000e+00
9.357454663915140358e+00 -4.686570033133553181e+01 3.394794771186572007e+02 1.000000000000000000e+00
9.295309958691824193e+00 -4.626182050106702093e+01 3.394533555677839445e+02 1.000000000000000000e+00
9.233227928195402612e+00 -4.565904659260824872e+01 3.394347687749971101e+02 1.000000000000000000e+00
9.171204430096747018e+00 -4.505733830508490456e+01 3.394237142655442199e+02 1.000000000000000000e+00
9.109235330581718415e+00 -4.445665548651001586e+01 3.394201905677581976e+02 1.000000000000000000e+00
9.047316503432542234e+00 -4.385695812485136003e+01 3.394241972125656162e+02 1.000000000000000000e+00
8.985443829111861902e+00 -4.325820633914672442e+01 3.394357347333302641e+02 1.000000000000000000e+00
8.923613193849272207e+00 -4.266036037066331232e+01 3.394548046660329987e+02 1.000000000000000000e+00
8.861820488729403422e+00 -4.206338057409563191e+01 3.394814095497797553e+02 1.000000000000000000e+00
8.800061608781376776e+00 -4.146722740879992841e+01 3.395155529276498214e+02 1.000000000000000000e+00
8.738332452069327516e+00 -4.087186143005877881e+01 3.395572393478736899e+02 1.000000000000000000e+00
8.676628918783377387e+00 -4.027724328037380985e+01 3.396064743653492997e+02 1.000000000000000000e+00
8.614946910330724350e+00 -3.968333368078121737e+01 3.396632645434933693e+02 1.000000000000000000e+00
8.553282328426401904e+00 -3.909009342218644889e+01 3.397276174564299254e+02 1.000000000000000000e+00
8.491631074183285222e+00 -3.849748335671421273e+01 3.397995416915183000e+02 1.000000000000000000e+00
8.429989047200958652e+00 -3.790546438906949334e+01 3.398790468522212791e+02 1.000000000000000000e+00
8.368352144652797975e+00 -3.731399746790575023e+01 3.399661435613140839e+02 1.000000000000000000e+00
8.306716260371455718e+00 -3.672304357719632861e+01 3.400608434644408931e+02 1.000000000000000000e+00
8.245077283931330214e+00 -3.613256372760458390e+01 3.401631592340131078e+02 1.000000000000000000e+00
8.183431099728547764e+00 -3.554251894784953691e+01 3.402731045734603867e+02 1.000000000000000000e+00
8.121773586057402738e+00 -3.495287027606211439e+01 3.403906942218305289e+02 1.000000000000000000e+00
8.060076102760762140e+00 -3.436354513885630979e+01 3.405156108876548160e+02 1.000000000000000000e+00
7.997796546177719179e+00 -3.377377919661043393e+01 3.406405375258303252e+02 1.000000000000000000e+00
7.934714660216203086e+00 -3.318328005436421790e+01 3.407624720460979688e+02 1.000000000000000000e+00
7.870831296187145831e+00 -3.259206296154739846e+01 3.408814079226344234e+02 1.000000000000000000e+00
7.806147350154374109e+00 -3.200014322817312262e+01 3.409973387833151151e+02 1.000000000000000000e+00
7.740663762931895064e+00 -3.140753622355722285e+01 3.411102584105644269e+02 1.000000000000000000e+00
7.674381520074528673e+00 -3.081425737502592810e+01 3.412201607421766880e+02 1.000000000000000000e+00
7.607301651862739433e+00 -3.022032216661385107e+01 3.413270398721277274e+02 1.000000000000000000e+00
7.539425233281418670e+00 -2.962574613775126409e+01 3.414308900513592562e+02 1.000000000000000000e+00
7.470753383992360774e+00 -2.903054488194146998e+01 3.415317056885473335e+02 1.000000000000000000e+00
7.401287268300658084e+00 -2.843473404542841720e+01 3.416294813508495167e+02 1.000000000000000000e+00
7.331028095115078358e+00 -2.783832932585466935e+01 3.417242117646334236e+02 1.000000000000000000e+00
7.259977117902077559e+00 -2.724134647090993155e+01 3.418158918161803399e+02 1.000000000000000000e+00
7.188135634633969318e+00 -2.664380127697075906e+01 3.419045165523749006e+02 1.000000000000000000e+00
7.115504987730517428e+00 -2.604570958773106071e+01 3.419900811813675432e+02 1.000000000000000000e+00
7.042086563994926607e+00 -2.544708729282429971e+01 3.420725810732211016e+02 1.000000000000000000e+00
6.967881794543142604e+00 -2.484795032643707557e+01 3.421520117605328437e+02 1.000000000000000000e+00
6.892892154727475074e+00 -2.424831466591475504e+01 3.422283689390380346e+02 1.000000000000000000e+00
6.817119164053671021e+00 -2.364819633035916269e+01 3.423016484681888869e+02 1.000000000000000000e+00
6.740564386092131599e+00 -2.304761137921860836e+01 3.423718463717150939e+02 1.000000000000000000e+00
6.663229428382922315e+00 -2.244657591087073456e+01 3.424389588381610565e+02 1.000000000000000000e+00
6.585115942334668127e+00 -2.184510606119811271e+01 3.425029822214023056e+02 1.000000000000000000e+00
6.506225623117230406e+00 -2.124321800215693656e+01 3.425639130411373685e+02 1.000000000000000000e+00
6.426560209548475733e+00 -2.064092794033950184e+01 3.426217479833617290e+02 1.000000000000000000e+00
6.346121483974932254e+00 -2.003825211552988605e+01 3.426764839008158674e+02 1.000000000000000000e+00
6.264911272146132859e+00 -1.943520679925403982e+01 3.427281178134134620e+02 1.000000000000000000e+00
6.182931443083238499e+00 -1.883180829332386352e+01 3.427766469086462848e+02 1.000000000000000000e+00
6.100183908941454014e+00 -1.822807292837575943e+01 3.428220685419645974e+02 1.000000000000000000e+00
6.016670624866422123e+00 -1.762401706240424204e+01 3.428643802371400398e+02 1.000000000000000000e+00
5.932393588844770527e+00 -1.701965707929029037e+01 3.429035796866002670e+02 1.000000000000000000e+00
5.847354841548395576e+00 -1.641500938732515991e+01 3.429396647517441465e+02 1.000000000000000000e+00
5.761556466173287205e+00 -1.581009041772998280e+01 3.429726334632335920e+02 1.000000000000000000e+00
5.675000588271815083e+00 -1.520491662317079218e+01 3.430024840212602157e+02 1.000000000000000000e+00
5.587689375579664386e+00 -1.459950447627028858e+01 3.430292147957928819e+02 1.000000000000000000e+00
5.499625037836745278e+00 -1.399387046811566826e+01 3.430528243267997368e+02 1.000000000000000000e+00
5.410809826602072548e+00 -1.338803110676331976e+01 3.430733113244461947e+02 1.000000000000000000e+00
5.321246035063031066e+00 -1.278200291574050063e+01 3.430906746692715501e+02 1.000000000000000000e+00
5.230935997839035956e+00 -1.217580243254446337e+01 3.431049134123435920e+02 1.000000000000000000e+00
5.139882090778996826e+00 -1.156944620713889549e+01 3.431160267753852509e+02 1.000000000000000000e+00
5.048086730753679419e+00 -1.096295080044857784e+01 3.431240141508829993e+02 1.000000000000000000e+00
4.955552375441865109e+00 -1.035633278285195935e+01 3.431288751021702410e+02 1.000000000000000000e+00
4.862281523111270154e+00 -9.749608732672260913e+00 3.431306093634846093e+02 1.000000000000000000e+00
4.768276712393794803e+00 -9.142795234667358883e+00 3.431292168400071319e+02 1.000000000000000000e+00
4.673540522055022350e+00 -8.535908878518677412e+00 3.431246976078725197e+02 1.000000000000000000e+00
4.578075570758691981e+00 -7.928966257319411959e+00 3.431170519141615500e+02 1.000000000000000000e+00
4.481884516825236808e+00 -7.321983966062324711e+00 3.431062801768646295e+02 1.000000000000000000e+00
4.384970057985273506e+00 -6.714978600127496478e+00 3.430923829848259743e+02 1.000000000000000000e+00
4.287334931127594118e+00 -6.107966753770246449e+00 3.430753610976639720e+02 1.000000000000000000e+00
4.188981912041911393e+00 -5.500965018609506707e+00 3.430552154456654534e+02 1.000000000000000000e+00
4.089913815156241306e+00 -4.893989982117038728e+00 3.430319471296604092e+02 1.000000000000000000e+00
3.990154224343626765e+00 -4.287065278538924495e+00 3.430061216826597956e+02 1.000000000000000000e+00
3.889828915662257192e+00 -3.680240808122458684e+00 3.429811253098894781e+02 1.000000000000000000e+00
3.788957685912791362e+00 -3.073517224705633932e+00 3.429575217516036219e+02 1.000000000000000000e+00
3.687539422115070575e+00 -2.466887135189656188e+00 3.429353104334605291e+02 1.000000000000000000e+00
3.585572998293031333e+00 -1.860343150722656880e+00 3.429144908151022832e+02 1.000000000000000000e+00
3.483057275433399713e+00 -1.253877886399116237e+00 3.428950623901242807e+02 1.000000000000000000e+00
3.379991101443507784e+00 -6.474839609595469669e-01 3.428770246860438533e+02 1.000000000000000000e+00
3.276373311108266684e+00 -4.115399649063015280e-02 3.428603772642710510e+02 1.000000000000000000e+00
3.172202726046571719e+00 5.651193818744568720e-01 3.428451197200817546e+02 1.000000000000000000e+00
3.067478154666754442e+00 1.171343546255386725e+00 3.428312516825952798e+02 1.000000000000000000e+00
2.962198392121127455e+00 1.777525866323783177e+00 3.428187728147484563e+02 1.000000000000000000e+00
2.856362220260017182e+00 2.383673709602090351e+00 3.428076828132773244e+02 1.000000000000000000e+00
2.749968407584897800e+00 2.989794441762297250e+00 3.427979814086983197e+02 1.000000000000000000e+00
2.643015709200576158e+00 3.595895426924375915e+00 3.427896683652919023e+02 1.000000000000000000e+00
2.535502866766838004e+00 4.201984027954689616e+00 3.427827434810881186e+02 1.000000000000000000e+00
2.427428608448905845e+00 4.808067606764200974e+00 3.427772065878541525e+02 1.000000000000000000e+00
2.318791648867565058e+00 5.414153524606618362e+00 3.427730575510847757e+02 1.000000000000000000e+00
2.209590689048011480e+00 6.020249142376476570e+00 3.427702962699926843e+02 1.000000000000000000e+00
2.099824416368300639e+00 6.626361820907118449e+00 3.427689226775044062e+02 1.000000000000000000e+00
1.989491504506496922e+00 7.232498921268693870e+00 3.427689367402540483e+02 1.000000000000000000e+00
1.878590613387522756e+00 7.838667805066215521e+00 3.427703384585845470e+02 1.000000000000000000e+00
1.767120389128667535e+00 8.444875834737475273e+00 3.427731278665428363e+02 1.000000000000000000e+00
1.655079463984712174e+00 9.051130373851279387e+00 3.427773050318870673e+02 1.000000000000000000e+00
1.542466456291755827e+00 9.657438787405451919e+00 3.427828700560867787e+02 1.000000000000000000e+00
1.429279970410732403e+00 1.026380844212521382e+01 3.427898230743314798e+02 1.000000000000000000e+00
1.315518596669367657e+00 1.087024670676150251e+01 3.427981642555370740e+02 1.000000000000000000e+00
1.201180911304081000e+00 1.147676095238959171e+01 3.428078938023578530e+02 1.000000000000000000e+00
1.086265476400443353e+00 1.208335855270780002e+01 3.428190119511978651e+02 1.000000000000000000e+00
9.707708398328396271e-01 1.269004688433639849e+01 3.428315189722246714e+02 1.000000000000000000e+00
8.546955352035761067e-01 1.329683332711681842e+01 3.428454151693872518e+02 1.000000000000000000e+00
7.380380817807911109e-01 1.390372526441109002e+01 3.428607008804335692e+02 1.000000000000000000e+00
6.207969844355276656e-01 1.451073008340148895e+01 3.428773764769309196e+02 1.000000000000000000e+00
5.029707335780780886e-01 1.511785517539068913e+01 3.428954423642890106e+02 1.000000000000000000e+00
3.845578050933054493e-01 1.572510793610193502e+01 3.429148989817842903e+02 1.000000000000000000e+00
2.655566602750826233e-01 1.633249576597993880e+01 3.429357468025870617e+02 1.000000000000000000e+00
1.459657457596979790e-01 1.694002607049186793e+01 3.429579863337899042e+02 1.000000000000000000e+00
2.578349345872411533e-02 1.754770626042888182e+01 3.429816181164387103e+02 1.000000000000000000e+00
-9.499167950952541739e-02 1.815554375220808225e+01 3.430066427255646317e+02 1.000000000000000000e+00
-2.163613708890666787e-01 1.876354596817497722e+01 3.430330607702215957e+02 1.000000000000000000e+00
-3.383271933564504508e-01 1.937172033690631068e+01 3.430608728935209228e+02 1.000000000000000000e+00
-4.608907745919141319e-01 1.998007429351347497e+01 3.430900797726707765e+02 1.000000000000000000e+00
-5.840537573513475689e-01 2.058861527994655916e+01 3.431206821190194773e+02 1.000000000000000000e+00
-7.078177995393293287e-01 2.119735074529878815e+01 3.431526806780960897e+02 1.000000000000000000e+00
-8.321845742831047721e-01 2.180628814611165467e+01 3.431860762296576581e+02 1.000000000000000000e+00
-9.571557700074613262e-01 2.241543494668073322e+01 3.432208695877367290e+02 1.000000000000000000e+00
-1.082733090510665575e+00 2.302479861936189920e+01 3.432570616006898376e+02 1.000000000000000000e+00
-1.208918255041304901e+00 2.363438664487857466e+01 3.432946531512511115e+02 1.000000000000000000e+00
-1.335712998376143545e+00 2.424420651262943238e+01 3.433336451565843959e+02 1.000000000000000000e+00
-1.463119070899067564e+00 2.485426572099676434e+01 3.433740385683403247e+02 1.000000000000000000e+00
-1.591138238680844808e+00 2.546457177765585911e+01 3.434158343727144711e+02 1.000000000000000000e+00
-1.719769725104139502e+00 2.607506484007360115e+01 3.434581463338085996e+02 1.000000000000000000e+00
-1.849007254127783773e+00 2.668557914271143972e+01 3.434988054581182837e+02 1.000000000000000000e+00
-1.978848804732279643e+00 2.729609798688953859e+01 3.435377119383530271e+02 1.000000000000000000e+00
-2.109292583803341614e+00 2.790661197770724655e+01 3.435748645801019165e+02 1.000000000000000000e+00
-2.240336778893060821e+00 2.851711171625207442e+01 3.436102622424153310e+02 1.000000000000000000e+00
-2.371979558302188096e+00 2.912758780008038428e+01 3.436439038378958912e+02 1.000000000000000000e+00
-2.504219071164426325e+00 2.973803082369753170e+01 3.436757883327776426e+02 1.000000000000000000e+00
-2.637053447531900296e+00 3.034843137903954613e+01 3.437059147470095581e+02 1.000000000000000000e+00
-2.770480798462322092e+00 3.095878005595461602e+01 3.437342821543282412e+02 1.000000000000000000e+00
-2.904499216107633064e+00 3.156906744268524534e+01 3.437608896823299460e+02 1.000000000000000000e+00
-3.039106773804160611e+00 3.217928412635065882e+01 3.437857365125371416e+02 1.000000000000000000e+00
-3.174301526164192921e+00 3.278942069342973298e+01 3.438088218804619487e+02 1.000000000000000000e+00
-3.310081509169122249e+00 3.339946773024394133e+01 3.438301450756641771e+02 1.000000000000000000e+00
-3.446444740264042128e+00 3.400941582344079706e+01 3.438497054418068615e+02 1.000000000000000000e+00
-3.583389218453782998e+00 3.461925556047712860e+01 3.438675023767057155e+02 1.000000000000000000e+00
-3.720912924400381350e+00 3.522897753010276745e+01 3.438835353323767094e+02 1.000000000000000000e+00
-3.859013820522054328e+00 3.583857232284403693e+01 3.438978038150769407e+02 1.000000000000000000e+00
-3.997689851093671809e+00 3.644803053148755367e+01 3.439103073853437991e+02 1.000000000000000000e+00
-4.136938942348369785e+00 3.705734275156354585e+01 3.439210456580270261e+02 1.000000000000000000e+00
-4.276759002580931224e+00 3.766649958182958358e+01 3.439300183023210593e+02 1.000000000000000000e+00
-4.417147922252364189e+00 3.827549162475376932e+01 3.439372250417881673e+02 1.000000000000000000e+00
-4.558103574095899724e+00 3.888430948699789269e+01 3.439426656543810168e+02 1.000000000000000000e+00
-4.699623813224373059e+00 3.949294377990024429e+01 3.439463399724588157e+02 1.000000000000000000e+00
-4.841706477239083206e+00 4.010138511995828026e+01 3.439482478828010130e+02 1.000000000000000000e+00
-4.984349386339799182e+00 4.070962412931068286e+01 3.439483893266156542e+02 1.000000000000000000e+00
-5.127550343436258373e+00 4.131765143621935721e+01 3.439467642995443271e+02 1.000000000000000000e+00
-5.271307134261029148e+00 4.192545767555049707e+01 3.439433728516620477e+02 1.000000000000000000e+00
-5.415617527483583160e+00 4.253303348925565786e+01 3.439382150874734521e+02 1.000000000000000000e+00
-5.560479274825739004e+00 4.314036952685182058e+01 3.439312911659050656e+02 1.000000000000000000e+00
-5.705890111178355539e+00 4.374745644590104376e+01 3.439226013002923992e+02 1.000000000000000000e+00
-5.851847754719447181e+00 4.435428491248951133e+01 3.439121457583640336e+02 1.000000000000000000e+00
-5.998349907033395212e+00 4.496084560170562128e+01 3.438999248622214964e+02 1.000000000000000000e+00
-6.145394253231475368e+00 4.556712919811766227e+01 3.438859389883130575e+02 1.000000000000000000e+00
-6.292978462073715917e+00 4.617312639625021831e+01 3.438701885674062169e+02 1.000000000000000000e+00
-6.441100186091842872e+00 4.677882790106009026e+01 3.438526740845537688e+02 1.000000000000000000e+00
-6.589757061713588548e+00 4.738422442841109472e+01 3.438333960790566266e+02 1.000000000000000000e+00
-6.738946709388103251e+00 4.798930670554771183e+01 3.438123551444213604e+02 1.000000000000000000e+00
-6.888666733712544676e+00 4.859406547156833511e+01 3.437895519283167687e+02 1.000000000000000000e+00
-7.038914723560006692e+00 4.919849147789671662e+01 3.437649871325222648e+02 1.000000000000000000e+00
-7.189688252208330965e+00 4.980257548875255935e+01 3.437386615128742733e+02 1.000000000000000000e+00
-7.340984877470359216e+00 5.040630828162114341e+01 3.437105758792079087e+02 1.000000000000000000e+00
-7.492802141825154472e+00 5.100968064772143151e+01 3.436807310952962666e+02 1.000000000000000000e+00
-7.645137572550265936e+00 5.161268339247300219e+01 3.436491280787815867e+02 1.000000000000000000e+00
-7.797988681855356319e+00 5.221530733596174656e+01 3.436157678011072676e+02 1.000000000000000000e+00
-7.951352967016701356e+00 5.281754331340378172e+01 3.435806512874408440e+02 1.000000000000000000e+00
-8.105227910512706302e+00 5.341938217560873170e+01 3.435437796165975897e+02 1.000000000000000000e+00
-8.259610980160818627e+00 5.402081478944067072e+01 3.435051539209565590e+02 1.000000000000000000e+00
-8.414499629255073998e+00 5.462183203827803624e+01 3.434647753863738444e+02 1.000000000000000000e+00
-8.569891296704938100e+00 5.522242482247185791e+01 3.434226452520922521e+02 1.000000000000000000e+00
-8.725783407175070394e+00 5.582258405980242344e+01 3.433787648106452366e+02 1.000000000000000000e+00
